36.6,0.717109696611,-0.494360585939,0.000942477796076
36.7,0.715062284258,-0.48979797381,0.000942477796076
36.8,0.713014871906,-0.485235361682,0.000942477796076
36.9,0.710967459553,-0.480672749554,0.000942477796076
37.1,0.708920047201,-0.476110137425,0.000942477796076
37.1,0.706872634848,-0.471547525297,0.000942477796076
37.2,0.704825222496,-0.466984913168,0.000942477796076
37.3,0.702777810144,-0.46242230104,0.000942477796076
37.4,0.700730397791,-0.457859688911,0.000942477796076
37.5,0.698682985439,-0.453297076783,0.000942477796076
37.6,0.696635573086,-0.448734464655,0.000942477796076
37.8,0.694588160734,-0.444171852526,0.000942477796076
37.9,0.692540748381,-0.439609240398,0.000942477796076
37.9,0.690493336029,-0.435046628269,0.000942477796076
38.0,0.688445923676,-0.430484016141,0.000942477796076
38.1,0.686398511324,-0.425921404012,0.000942477796076
38.2,0.684351098972,-0.421358791884,0.000942477796076
38.3,0.682303686619,-0.416796179756,0.000942477796076
38.5,0.680256274267,-0.412233567627,0.000942477796076
38.5,0.668948297724,-0.412618375095,0.000907571211037
38.7,0.657732292311,-0.414132364963,0.000872664625997
38.8,0.646720762184,-0.416760996718,0.000837758040957
38.9,0.636024224859,-0.420478546088,0.000802851455917
39.0,0.625750102027,-0.425248356661,0.000767944870877
39.1,0.616001640769,-0.431023201272,0.000733038285837
39.2,0.606876876038,-0.437745749566,0.000698131700797
39.3,0.59846764481,-0.445349137122,0.000663225115757
39.4,0.590858661824,-0.453757630495,0.000628318530717
39.5,0.584126666223,-0.462887381546,0.000593411945678
39.6,0.578339647667,-0.472647263557,0.000558505360638
39.7,0.573556159755,-0.482939780796,0.000523598775598
39.8,0.569824727652,-0.493662042438,0.000488692190558
39.9,0.567183355952,-0.504706791136,0.000453785605518
40.0,0.565659141727,-0.515963475936,0.000418879020478
40.1,0.565267996733,-0.527319358827,0.000383972435438
40.2,0.566014481604,-0.538660643822,0.000349065850398
40.3,0.56178732895,-0.541331310374,0.000349065850398
40.4,0.557560176295,-0.544001976925,0.000349065850398
40.5,0.55333302364,-0.546672643476,0.000349065850398
40.6,0.549105870986,-0.549343310027,0.000349065850398
40.7,0.544878718331,-0.552013976579,0.000349065850398
40.8,0.540651565677,-0.55468464313,0.000349065850398
40.9,0.536424413022,-0.557355309681,0.000349065850398
41.0,0.532197260368,-0.560025976233,0.000349065850398
41.1,0.527970107713,-0.562696642784,0.000349065850398
41.2,0.523742955058,-0.565367309335,0.000349065850398
41.3,0.519515802404,-0.568037975886,0.000349065850398
41.4,0.515288649749,-0.570708642438,0.000349065850398
41.5,0.511061497095,-0.573379308989,0.000349065850398
41.6,0.50683434444,-0.57604997554,0.000349065850398
41.7,0.502607191785,-0.578720642091,0.000349065850398
41.8,0.498380039131,-0.581391308643,0.000349065850398
41.9,0.494152886476,-0.584061975194,0.000349065850398
42.0,0.489925733822,-0.586732641745,0.000349065850398
42.1,0.485698581167,-0.589403308296,0.000349065850398
42.2,0.481471428513,-0.592073974848,0.000349065850398
42.3,0.477244275858,-0.594744641399,0.000349065850398
42.4,0.473017123203,-0.59741530795,0.000349065850398
42.5,0.468789970549,-0.600085974501,0.000349065850398
42.6,0.464562817894,-0.602756641053,0.000349065850398
42.7,0.46033566524,-0.605427307604,0.000349065850398
42.8,0.456108512585,-0.608097974155,0.000349065850398
42.9,0.45188135993,-0.610768640706,0.000349065850398
43.0,0.447654207276,-0.613439307258,0.000349065850398
43.1,0.443427054621,-0.616109973809,0.000349065850398
43.2,0.439199901967,-0.61878064036,0.000349065850398
43.3,0.434972749312,-0.621451306911,0.000349065850398
43.4,0.430745596658,-0.624121973463,0.000349065850398
43.5,0.426518444003,-0.626792640014,0.000349065850398
43.6,0.422291291348,-0.629463306565,0.000349065850398
43.7,0.418064138694,-0.632133973116,0.000349065850398
43.8,0.413836986039,-0.634804639668,0.000349065850398
43.9,0.409609833385,-0.637475306219,0.000349065850398
44.0,0.40538268073,-0.64014597277,0.000349065850398
44.1,0.401155528076,-0.642816639321,0.000349065850398
44.2,0.396928375421,-0.645487305873,0.000349065850398
44.3,0.392701222766,-0.648157972424,0.000349065850398
44.4,0.388474070112,-0.650828638975,0.000349065850398
44.5,0.384246917457,-0.653499305527,0.000349065850398
44.6,0.380019764803,-0.656169972078,0.000349065850398
44.7,0.375792612148,-0.658840638629,0.000349065850398
44.8,0.371565459493,-0.66151130518,0.000349065850398
44.9,0.367338306839,-0.664181971732,0.000349065850398
45.0,0.363111154184,-0.666852638283,0.000349065850398
45.1,0.35888400153,-0.669523304834,0.000349065850398
45.2,0.354656848875,-0.672193971385,0.000349065850398
45.3,0.350429696221,-0.674864637937,0.000349065850398
45.4,0.346202543566,-0.677535304488,0.000349065850398
45.5,0.341975390911,-0.680205971039,0.000349065850398
45.6,0.337748238257,-0.68287663759,0.000349065850398
45.7,0.337748238257,-0.68287663759,0.000349065850398
45.8,0.337748238257,-0.68287663759,0.000349065850398
45.9,0.337748238257,-0.68287663759,0.000349065850398
46.0,0.337748238257,-0.68287663759,0.000349065850398
46.1,0.333521085602,-0.685547304142,0.000349065850398
46.2,0.324073130492,-0.679108731893,0.000383972435438
46.3,0.315313833732,-0.671755687414,0.000418879020478
46.4,0.30733139763,-0.663561374954,0.000453785605518
46.5,0.300206285409,-0.6546074739,0.000488692190558
46.5,0.294010410191,-0.644983324618,0.000523598775598
46.7,0.28880640925,-0.634785037034,0.000558505360638
46.8,0.284647010865,-0.624114530845,0.000593411945678
46.9,0.281574500156,-0.613078516961,0.000628318530717
47.0,0.279620289333,-0.601787430332,0.000663225115757
47.1,0.278804596706,-0.590354324852,0.000698131700797
47.2,0.274288637993,-0.58820694634,0.000698131700797
47.3,0.26977267928,-0.586059567829,0.000698131700797
47.4,0.265256720566,-0.583912189317,0.000698131700797
47.5,0.260740761853,-0.581764810805,0.000698131700797
47.6,0.25622480314,-0.579617432293,0.000698131700797
47.7,0.251708844427,-0.577470053782,0.000698131700797
47.8,0.247192885713,-0.57532267527,0.000698131700797
47.9,0.242676927,-0.573175296758,0.000698131700797
48.0,0.238160968287,-0.571027918247,0.000698131700797
48.1,0.233645009574,-0.568880539735,0.000698131700797
48.2,0.22912905086,-0.566733161223,0.000698131700797
48.3,0.224613092147,-0.564585782711,0.000698131700797
48.4,0.220097133434,-0.5624384042,0.000698131700797
48.5,0.215581174721,-0.560291025688,0.000698131700797
48.6,0.211065216007,-0.558143647176,0.000698131700797
48.7,0.206549257294,-0.555996268664,0.000698131700797
48.8,0.202033298581,-0.553848890153,0.000698131700797
48.9,0.197517339868,-0.551701511641,0.000698131700797
49.0,0.193001381154,-0.549554133129,0.000698131700797
49.1,0.188485422441,-0.547406754618,0.000698131700797
49.2,0.183969463728,-0.545259376106,0.000698131700797
49.3,0.179453505015,-0.543111997594,0.000698131700797
49.3,0.174937546301,-0.540964619082,0.000698131700797
49.4,0.170421587588,-0.538817240571,0.000698131700797
49.6,0.165905628875,-0.536669862059,0.000698131700797
49.7,0.161389670161,-0.534522483547,0.000698131700797
49.8,0.156873711448,-0.532375105036,0.000698131700797
49.9,0.152357752735,-0.530227726524,0.000698131700797
50.0,0.147841794022,-0.528080348012,0.000698131700797
50.1,0.143325835308,-0.5259329695,0.000698131700797
50.2,0.138809876595,-0.523785590989,0.000698131700797
50.3,0.134293917882,-0.521638212477,0.000698131700797
50.4,0.129777959169,-0.519490833965,0.000698131700797
50.5,0.125262000455,-0.517343455453,0.000698131700797
50.6,0.120746041742,-0.515196076942,0.000698131700797
50.7,0.116230083029,-0.51304869843,0.000698131700797
50.8,0.111714124316,-0.510901319918,0.000698131700797
50.9,0.107198165602,-0.508753941407,0.000698131700797
51.0,0.102682206889,-0.506606562895,0.000698131700797
51.1,0.0981662481759,-0.504459184383,0.000698131700797
51.2,0.0936502894627,-0.502311805871,0.000698131700797
51.3,0.0891343307494,-0.50016442736,0.000698131700797
51.4,0.0846183720361,-0.498017048848,0.000698131700797
51.5,0.0801024133229,-0.495869670336,0.000698131700797
51.6,0.0755864546096,-0.493722291825,0.000698131700797
51.7,0.0710704958964,-0.491574913313,0.000698131700797
51.8,0.0665545371831,-0.489427534801,0.000698131700797
51.9,0.0620385784699,-0.487280156289,0.000698131700797
52.0,0.0575226197566,-0.485132777778,0.000698131700797
52.1,0.0530066610433,-0.482985399266,0.000698131700797
52.2,0.0484907023301,-0.480838020754,0.000698131700797
52.3,0.0439747436168,-0.478690642242,0.000698131700797
52.4,0.0394587849036,-0.476543263731,0.000698131700797
52.5,0.0349428261903,-0.474395885219,0.000698131700797
52.6,0.0304268674771,-0.472248506707,0.000698131700797
52.7,0.0259109087638,-0.470101128196,0.000698131700797
52.8,0.0213949500506,-0.467953749684,0.000698131700797
52.9,0.0168789913373,-0.465806371172,0.000698131700797
53.0,0.012363032624,-0.46365899266,0.000698131700797
53.1,0.00784707391079,-0.461511614149,0.000698131700797
53.2,0.00333111519753,-0.459364235637,0.000698131700797
53.3,-0.00118484351572,-0.457216857125,0.000698131700797
53.4,-0.00570080222898,-0.455069478614,0.000698131700797
53.5,-0.0102167609422,-0.452922100102,0.000698131700797
53.6,-0.0147327196555,-0.45077472159,0.000698131700797
53.7,-0.0192486783687,-0.448627343078,0.000698131700797
53.8,-0.023764637082,-0.446479964567,0.000698131700797
53.9,-0.0282805957953,-0.444332586055,0.000698131700797
54.0,-0.0327965545085,-0.442185207543,0.000698131700797
54.1,-0.0373125132218,-0.440037829031,0.000698131700797
54.2,-0.041828471935,-0.43789045052,0.000698131700797
54.3,-0.0463444306483,-0.435743072008,0.000698131700797
54.4,-0.0508603893615,-0.433595693496,0.000698131700797
54.5,-0.0553763480748,-0.431448314985,0.000698131700797
54.6,-0.0598923067881,-0.429300936473,0.000698131700797
54.7,-0.0644082655013,-0.427153557961,0.000698131700797
54.8,-0.0689242242146,-0.425006179449,0.000698131700797
54.9,-0.0734401829278,-0.422858800938,0.000698131700797
55.0,-0.0779561416411,-0.420711422426,0.000698131700797
55.1,-0.0824721003543,-0.418564043914,0.000698131700797
55.2,-0.0869880590676,-0.416416665403,0.000698131700797
55.3,-0.0915040177808,-0.414269286891,0.000698131700797
55.4,-0.0960199764941,-0.412121908379,0.000698131700797
55.5,-0.100535935207,-0.409974529867,0.000698131700797
55.6,-0.105051893921,-0.407827151356,0.000698131700797
55.7,-0.109567852634,-0.405679772844,0.000698131700797
56.0,-0.114083811347,-0.403532394332,0.000698131700797
56.0,-0.11859977006,-0.40138501582,0.000698131700797
56.0,-0.123115728774,-0.399237637309,0.000698131700797
56.1,-0.127631687487,-0.397090258797,0.000698131700797
56.2,-0.1321476462,-0.394942880285,0.000698131700797
56.3,-0.136663604913,-0.392795501774,0.000698131700797
56.4,-0.141179563627,-0.390648123262,0.000698131700797
56.5,-0.14569552234,-0.38850074475,0.000698131700797
56.6,-0.150211481053,-0.386353366238,0.000698131700797
56.7,-0.154727439766,-0.384205987727,0.000698131700797
56.8,-0.15924339848,-0.382058609215,0.000698131700797
56.9,-0.163759357193,-0.379911230703,0.000698131700797
57.0,-0.168275315906,-0.377763852192,0.000698131700797
57.1,-0.172791274619,-0.37561647368,0.000698131700797
57.2,-0.177307233333,-0.373469095168,0.000698131700797
57.3,-0.181823192046,-0.371321716656,0.000698131700797
57.4,-0.186339150759,-0.369174338145,0.000698131700797
57.5,-0.190855109472,-0.367026959633,0.000698131700797
57.6,-0.195371068186,-0.364879581121,0.000698131700797
57.7,-0.199887026899,-0.362732202609,0.000698131700797
57.8,-0.204402985612,-0.360584824098,0.000698131700797
57.9,-0.208918944326,-0.358437445586,0.000698131700797
58.0,-0.213434903039,-0.356290067074,0.000698131700797
58.1,-0.217950861752,-0.354142688563,0.000698131700797
58.2,-0.222466820465,-0.351995310051,0.000698131700797
58.3,-0.226982779179,-0.349847931539,0.000698131700797
58.4,-0.231498737892,-0.347700553027,0.000698131700797
58.5,-0.236014696605,-0.345553174516,0.000698131700797
58.6,-0.244423927834,-0.353156562072,0.000663225115757
58.7,-0.252032910819,-0.361565055445,0.000628318530717
58.8,-0.25876490642,-0.370694806496,0.000593411945678
58.9,-0.264551924976,-0.380454688507,0.000558505360638
59.0,-0.269335412889,-0.390747205746,0.000523598775598
59.1,-0.273066844991,-0.401469467388,0.000488692190558
59.2,-0.278002802754,-0.402268734906,0.000488692190558
59.3,-0.282938760518,-0.403068002425,0.000488692190558
59.4,-0.287874718281,-0.403867269944,0.000488692190558
59.5,-0.292810676045,-0.404666537463,0.000488692190558
59.6,-0.297746633809,-0.405465804982,0.000488692190558
59.7,-0.302682591572,-0.4062650725,0.000488692190558
59.8,-0.307618549336,-0.407064340019,0.000488692190558
59.9,-0.312554507099,-0.407863607538,0.000488692190558
60.0,-0.317490464863,-0.408662875057,0.000488692190558
60.1,-0.322426422627,-0.409462142576,0.000488692190558
60.2,-0.32736238039,-0.410261410094,0.000488692190558
60.3,-0.332298338154,-0.411060677613,0.000488692190558
60.4,-0.337234295917,-0.411859945132,0.000488692190558
60.5,-0.342170253681,-0.412659212651,0.000488692190558
60.6,-0.347106211444,-0.41345848017,0.000488692190558
60.7,-0.352042169208,-0.414257747688,0.000488692190558
60.8,-0.356978126972,-0.415057015207,0.000488692190558
60.9,-0.361914084735,-0.415856282726,0.000488692190558
60.9,-0.366850042499,-0.416655550245,0.000488692190558
61.0,-0.371786000262,-0.417454817764,0.000488692190558
61.1,-0.376721958026,-0.418254085282,0.000488692190558
61.2,-0.38165791579,-0.419053352801,0.000488692190558
61.3,-0.386593873553,-0.41985262032,0.000488692190558
61.4,-0.391529831317,-0.420651887839,0.000488692190558
61.5,-0.39646578908,-0.421451155358,0.000488692190558
61.6,-0.401401746844,-0.422250422876,0.000488692190558
61.8,-0.406337704608,-0.423049690395,0.000488692190558
61.8,-0.411273662371,-0.423848957914,0.000488692190558
61.9,-0.416209620135,-0.424648225433,0.000488692190558
62.0,-0.421145577898,-0.425447492951,0.000488692190558
62.1,-0.426081535662,-0.42624676047,0.000488692190558
62.2,-0.431017493425,-0.427046027989,0.000488692190558
62.3,-0.435953451189,-0.427845295508,0.000488692190558
62.4,-0.440889408953,-0.428644563027,0.000488692190558
62.5,-0.445825366716,-0.429443830545,0.000488692190558
62.6,-0.45076132448,-0.430243098064,0.000488692190558
62.7,-0.455697282243,-0.431042365583,0.000488692190558
62.8,-0.460633240007,-0.431841633102,0.000488692190558
62.9,-0.465569197771,-0.432640900621,0.000488692190558
63.1,-0.470505155534,-0.433440168139,0.000488692190558
63.1,-0.475441113298,-0.434239435658,0.000488692190558
63.2,-0.480377071061,-0.435038703177,0.000488692190558
63.3,-0.485313028825,-0.435837970696,0.000488692190558
63.4,-0.490248986589,-0.436637238215,0.000488692190558
63.5,-0.495184944352,-0.437436505733,0.000488692190558
63.6,-0.500120902116,-0.438235773252,0.000488692190558
63.7,-0.505056859879,-0.439035040771,0.000488692190558
63.8,-0.509992817643,-0.43983430829,0.000488692190558
63.9,-0.514928775407,-0.440633575809,0.000488692190558
64.0,-0.51986473317,-0.441432843327,0.000488692190558
64.1,-0.524800690934,-0.442232110846,0.000488692190558
64.2,-0.529736648697,-0.443031378365,0.000488692190558
64.3,-0.534672606461,-0.443830645884,0.000488692190558
64.4,-0.539608564224,-0.444629913403,0.000488692190558
64.6,-0.544544521988,-0.445429180921,0.000488692190558
64.6,-0.549480479752,-0.44622844844,0.000488692190558
64.7,-0.554416437515,-0.447027715959,0.000488692190558
64.8,-0.559352395279,-0.447826983478,0.000488692190558
64.9,-0.564288353042,-0.448626250997,0.000488692190558
65.0,-0.569224310806,-0.449425518515,0.000488692190558
65.1,-0.57416026857,-0.450224786034,0.000488692190558
65.2,-0.579096226333,-0.451024053553,0.000488692190558
65.3,-0.584032184097,-0.451823321072,0.000488692190558
65.4,-0.58896814186,-0.452622588591,0.000488692190558
65.5,-0.593904099624,-0.453421856109,0.000488692190558
65.6,-0.598840057388,-0.454221123628,0.000488692190558
65.7,-0.603776015151,-0.455020391147,0.000488692190558
65.8,-0.608711972915,-0.455819658666,0.000488692190558
65.9,-0.613647930678,-0.456618926185,0.000488692190558
66.0,-0.618583888442,-0.457418193703,0.000488692190558
66.1,-0.623519846206,-0.458217461222,0.000488692190558
66.2,-0.628455803969,-0.459016728741,0.000488692190558
66.3,-0.633391761733,-0.45981599626,0.000488692190558
66.4,-0.638327719496,-0.460615263779,0.000488692190558
66.5,-0.64326367726,-0.461414531297,0.000488692190558
66.6,-0.648199635023,-0.462213798816,0.000488692190558
66.7,-0.653135592787,-0.463013066335,0.000488692190558
66.8,-0.658071550551,-0.463812333854,0.000488692190558
66.9,-0.663007508314,-0.464611601373,0.000488692190558
67.0,-0.667943466078,-0.465410868891,0.000488692190558
67.1,-0.672879423841,-0.46621013641,0.000488692190558
67.2,-0.677815381605,-0.467009403929,0.000488692190558
67.3,-0.682751339369,-0.467808671448,0.000488692190558
67.4,-0.687687297132,-0.468607938967,0.000488692190558
67.5,-0.692623254896,-0.469407206485,0.000488692190558
67.6,-0.697559212659,-0.470206474004,0.000488692190558
67.7,-0.702495170423,-0.471005741523,0.000488692190558
67.8,-0.707431128187,-0.471805009042,0.000488692190558
67.9,-0.71236708595,-0.472604276561,0.000488692190558
68.0,-0.717303043714,-0.473403544079,0.000488692190558
68.1,-0.722239001477,-0.474202811598,0.000488692190558
68.2,-0.727174959241,-0.475002079117,0.000488692190558
68.3,-0.732110917004,-0.475801346636,0.000488692190558
68.4,-0.737046874768,-0.476600614155,0.000488692190558
68.5,-0.741982832532,-0.477399881673,0.000488692190558
68.6,-0.746918790295,-0.478199149192,0.000488692190558
68.7,-0.751854748059,-0.478998416711,0.000488692190558
68.8,-0.756790705822,-0.47979768423,0.000488692190558
68.9,-0.761726663586,-0.480596951748,0.000488692190558
69.0,-0.76666262135,-0.481396219267,0.000488692190558
69.1,-0.771598579113,-0.482195486786,0.000488692190558
69.2,-0.776534536877,-0.482994754305,0.000488692190558
69.3,-0.78147049464,-0.483794021824,0.000488692190558
69.4,-0.786406452404,-0.484593289342,0.000488692190558
69.5,-0.791342410168,-0.485392556861,0.000488692190558
69.6,-0.796278367931,-0.48619182438,0.000488692190558
69.7,-0.801214325695,-0.486991091899,0.000488692190558
69.8,-0.806150283458,-0.487790359418,0.000488692190558
69.9,-0.811086241222,-0.488589626936,0.000488692190558
70.0,-0.816022198986,-0.489388894455,0.000488692190558
70.1,-0.820958156749,-0.490188161974,0.000488692190558
70.2,-0.825894114513,-0.490987429493,0.000488692190558
70.3,-0.830830072276,-0.491786697012,0.000488692190558
70.4,-0.83576603004,-0.49258596453,0.000488692190558
70.5,-0.840701987803,-0.493385232049,0.000488692190558
70.6,-0.845637945567,-0.494184499568,0.000488692190558
70.7,-0.850573903331,-0.494983767087,0.000488692190558
70.8,-0.855509861094,-0.495783034606,0.000488692190558
70.9,-0.860445818858,-0.496582302124,0.000488692190558
71.0,-0.865381776621,-0.497381569643,0.000488692190558
71.1,-0.870317734385,-0.498180837162,0.000488692190558
71.2,-0.875253692149,-0.498980104681,0.000488692190558
71.3,-0.880189649912,-0.4997793722,0.000488692190558
71.4,-0.885125607676,-0.500578639718,0.000488692190558
71.5,-0.890061565439,-0.501377907237,0.000488692190558
71.6,-0.894997523203,-0.502177174756,0.000488692190558
71.7,-0.899933480967,-0.502976442275,0.000488692190558
71.8,-0.90486943873,-0.503775709794,0.000488692190558
71.9,-0.909805396494,-0.504574977312,0.000488692190558
72.0,-0.914741354257,-0.505374244831,0.000488692190558
72.1,-0.919677312021,-0.50617351235,0.000488692190558
72.2,-0.924613269785,-0.506972779869,0.000488692190558
72.3,-0.929549227548,-0.507772047388,0.000488692190558
72.4,-0.934485185312,-0.508571314906,0.000488692190558
72.5,-0.939421143075,-0.509370582425,0.000488692190558
72.6,-0.944357100839,-0.510169849944,0.000488692190558
72.7,-0.949293058602,-0.510969117463,0.000488692190558
72.8,-0.954229016366,-0.511768384982,0.000488692190558
72.9,-0.95916497413,-0.5125676525,0.000488692190558
73.0,-0.964100931893,-0.513366920019,0.000488692190558
73.1,-0.969036889657,-0.514166187538,0.000488692190558
73.2,-0.97397284742,-0.514965455057,0.000488692190558
73.3,-0.978908805184,-0.515764722576,0.000488692190558
73.4,-0.983844762948,-0.516563990094,0.000488692190558
73.5,-0.988780720711,-0.517363257613,0.000488692190558
73.6,-0.993716678475,-0.518162525132,0.000488692190558
73.7,-0.998652636238,-0.518961792651,0.000488692190558
73.8,-1.003588594,-0.51976106017,0.000488692190558
73.9,-1.00852455177,-0.520560327688,0.000488692190558
74.0,-1.01346050953,-0.521359595207,0.000488692190558
74.1,-1.01839646729,-0.522158862726,0.000488692190558
74.2,-1.02333242506,-0.522958130245,0.000488692190558
74.3,-1.02826838282,-0.523757397764,0.000488692190558
74.4,-1.03320434058,-0.524556665282,0.000488692190558
74.5,-1.03814029835,-0.525355932801,0.000488692190558
74.6,-1.04307625611,-0.52615520032,0.000488692190558
74.7,-1.04801221387,-0.526954467839,0.000488692190558
74.8,-1.05294817164,-0.527753735358,0.000488692190558
74.9,-1.0578841294,-0.528553002876,0.000488692190558
75.0,-1.06282008717,-0.529352270395,0.000488692190558
75.1,-1.06775604493,-0.530151537914,0.000488692190558
75.2,-1.07269200269,-0.530950805433,0.000488692190558
75.3,-1.07762796046,-0.531750072952,0.000488692190558
75.4,-1.08256391822,-0.53254934047,0.000488692190558
75.5,-1.08749987598,-0.533348607989,0.000488692190558
75.7,-1.09243583375,-0.534147875508,0.000488692190558
75.7,-1.09737179151,-0.534947143027,0.000488692190558
75.8,-1.10230774927,-0.535746410545,0.000488692190558
76.0,-1.10724370704,-0.536545678064,0.000488692190558
76.1,-1.1121796648,-0.537344945583,0.000488692190558
76.2,-1.11711562256,-0.538144213102,0.000488692190558
76.2,-1.12205158033,-0.538943480621,0.000488692190558
76.3,-1.12698753809,-0.539742748139,0.000488692190558
76.4,-1.13192349586,-0.540542015658,0.000488692190558
76.5,-1.13685945362,-0.541341283177,0.000488692190558
76.6,-1.14179541138,-0.542140550696,0.000488692190558
76.7,-1.14673136915,-0.542939818215,0.000488692190558
76.8,-1.15166732691,-0.543739085733,0.000488692190558
76.9,-1.15660328467,-0.544538353252,0.000488692190558
77.0,-1.16153924244,-0.545337620771,0.000488692190558
77.1,-1.1664752002,-0.54613688829,0.000488692190558
77.2,-1.17141115796,-0.546936155809,0.000488692190558
77.3,-1.17634711573,-0.547735423327,0.000488692190558
77.4,-1.18128307349,-0.548534690846,0.000488692190558
77.5,-1.18621903125,-0.549333958365,0.000488692190558
77.6,-1.19115498902,-0.550133225884,0.000488692190558
77.7,-1.19609094678,-0.550932493403,0.000488692190558
77.8,-1.20102690455,-0.551731760921,0.000488692190558
77.9,-1.20596286231,-0.55253102844,0.000488692190558
78.0,-1.21089882007,-0.553330295959,0.000488692190558
78.1,-1.21583477784,-0.554129563478,0.000488692190558
78.2,-1.2207707356,-0.554928830997,0.000488692190558
78.3,-1.22570669336,-0.555728098515,0.000488692190558
78.4,-1.23064265113,-0.556527366034,0.000488692190558
78.5,-1.23557860889,-0.557326633553,0.000488692190558
78.6,-1.24051456665,-0.558125901072,0.000488692190558
78.7,-1.24545052442,-0.558925168591,0.000488692190558
78.8,-1.25038648218,-0.559724436109,0.000488692190558
78.9,-1.25532243994,-0.560523703628,0.000488692190558
79.0,-1.26025839771,-0.561322971147,0.000488692190558
79.1,-1.26519435547,-0.562122238666,0.000488692190558
79.2,-1.27013031324,-0.562921506185,0.000488692190558
79.3,-1.275066271,-0.563720773703,0.000488692190558
79.4,-1.28000222876,-0.564520041222,0.000488692190558
79.5,-1.28493818653,-0.565319308741,0.000488692190558
79.6,-1.28987414429,-0.56611857626,0.000488692190558
79.7,-1.29481010205,-0.566917843779,0.000488692190558
79.8,-1.29974605982,-0.567717111297,0.000488692190558
79.9,-1.30468201758,-0.568516378816,0.000488692190558
80.0,-1.30961797534,-0.569315646335,0.000488692190558
80.1,-1.31455393311,-0.570114913854,0.000488692190558
80.2,-1.31948989087,-0.570914181373,0.000488692190558
80.3,-1.32442584864,-0.571713448891,0.000488692190558
80.4,-1.3293618064,-0.57251271641,0.000488692190558
80.5,-1.33429776416,-0.573311983929,0.000488692190558
80.6,-1.33923372193,-0.574111251448,0.000488692190558
80.7,-1.34416967969,-0.574910518967,0.000488692190558
80.8,-1.34910563745,-0.575709786485,0.000488692190558
80.9,-1.35404159522,-0.576509054004,0.000488692190558
81.1,-1.35897755298,-0.577308321523,0.000488692190558
81.1,-1.36391351074,-0.578107589042,0.000488692190558
81.2,-1.36884946851,-0.578906856561,0.000488692190558
81.3,-1.37378542627,-0.579706124079,0.000488692190558
81.4,-1.37872138403,-0.580505391598,0.000488692190558
81.5,-1.3836573418,-0.581304659117,0.000488692190558
81.6,-1.38859329956,-0.582103926636,0.000488692190558
81.7,-1.39352925733,-0.582903194155,0.000488692190558
81.8,-1.39846521509,-0.583702461673,0.000488692190558
81.9,-1.40340117285,-0.584501729192,0.000488692190558
82.0,-1.40833713062,-0.585300996711,0.000488692190558
82.1,-1.41327308838,-0.58610026423,0.000488692190558
82.2,-1.41820904614,-0.586899531749,0.000488692190558
82.3,-1.42314500391,-0.587698799267,0.000488692190558
82.4,-1.42808096167,-0.588498066786,0.000488692190558
82.5,-1.43301691943,-0.589297334305,0.000488692190558
82.6,-1.4379528772,-0.590096601824,0.000488692190558
82.7,-1.44288883496,-0.590895869342,0.000488692190558
82.8,-1.44782479273,-0.591695136861,0.000488692190558
82.9,-1.45276075049,-0.59249440438,0.000488692190558
83.0,-1.45769670825,-0.593293671899,0.000488692190558
83.1,-1.46263266602,-0.594092939418,0.000488692190558
83.2,-1.46756862378,-0.594892206936,0.000488692190558
83.3,-1.47250458154,-0.595691474455,0.000488692190558
83.4,-1.47744053931,-0.596490741974,0.000488692190558
83.6,-1.48237649707,-0.597290009493,0.000488692190558
83.7,-1.48731245483,-0.598089277012,0.000488692190558
83.8,-1.4922484126,-0.59888854453,0.000488692190558
83.9,-1.49718437036,-0.599687812049,0.000488692190558
84.0,-1.50212032812,-0.600487079568,0.000488692190558
84.1,-1.50705628589,-0.601286347087,0.000488692190558
84.2,-1.51199224365,-0.602085614606,0.000488692190558
84.3,-1.51692820142,-0.602884882124,0.000488692190558
84.4,-1.52186415918,-0.603684149643,0.000488692190558
84.4,-1.52680011694,-0.604483417162,0.000488692190558
84.6,-1.53173607471,-0.605282684681,0.000488692190558
84.7,-1.53173607471,-0.605282684681,0.000488692190558
84.8,-1.53667203247,-0.6060819522,0.000488692190558
84.9,-1.54160799023,-0.606881219718,0.000488692190558
85.0,-1.546543948,-0.607680487237,0.000488692190558
85.1,-1.55147990576,-0.608479754756,0.000488692190558
85.2,-1.55641586352,-0.609279022275,0.000488692190558
85.3,-1.56135182129,-0.610078289794,0.000488692190558
85.4,-1.56628777905,-0.610877557312,0.000488692190558
85.5,-1.57122373681,-0.611676824831,0.000488692190558
85.6,-1.57615969458,-0.61247609235,0.000488692190558
85.7,-1.58109565234,-0.613275359869,0.000488692190558
85.8,-1.58603161011,-0.614074627388,0.000488692190558
85.9,-1.59096756787,-0.614873894906,0.000488692190558
86.0,-1.59590352563,-0.615673162425,0.000488692190558
86.1,-1.6008394834,-0.616472429944,0.000488692190558
86.2,-1.60577544116,-0.617271697463,0.000488692190558
86.3,-1.61071139892,-0.618070964982,0.000488692190558
86.4,-1.61564735669,-0.6188702325,0.000488692190558
86.5,-1.62058331445,-0.619669500019,0.000488692190558
86.6,-1.62551927221,-0.620468767538,0.000488692190558
86.7,-1.63045522998,-0.621268035057,0.000488692190558
86.8,-1.63539118774,-0.622067302576,0.000488692190558
86.8,-1.64032714551,-0.622866570094,0.000488692190558
87.0,-1.64652302072,-0.613242420813,0.000523598775598
87.1,-1.65172702166,-0.603044133228,0.000558505360638
87.2,-1.65588642005,-0.592373627039,0.000593411945678
87.3,-1.66083669769,-0.59166761805,0.000593411945678
87.4,-1.66578697534,-0.590961609061,0.000593411945678
87.5,-1.67073725298,-0.590255600072,0.000593411945678
87.6,-1.67568753063,-0.589549591083,0.000593411945678
87.7,-1.68063780827,-0.588843582094,0.000593411945678
87.8,-1.68558808591,-0.588137573105,0.000593411945678
87.9,-1.69053836356,-0.587431564116,0.000593411945678
88.0,-1.6954886412,-0.586725555127,0.000593411945678
88.1,-1.70043891885,-0.586019546138,0.000593411945678
88.2,-1.70538919649,-0.585313537149,0.000593411945678
88.3,-1.71033947413,-0.58460752816,0.000593411945678
88.4,-1.71528975178,-0.583901519171,0.000593411945678
88.5,-1.72024002942,-0.583195510182,0.000593411945678
88.6,-1.72519030707,-0.582489501193,0.000593411945678
88.7,-1.73014058471,-0.581783492204,0.000593411945678
88.8,-1.73509086235,-0.581077483214,0.000593411945678
88.9,-1.74004114,-0.580371474225,0.000593411945678
89.0,-1.74499141764,-0.579665465236,0.000593411945678
89.1,-1.74994169529,-0.578959456247,0.000593411945678
89.2,-1.75489197293,-0.578253447258,0.000593411945678
89.3,-1.75984225057,-0.577547438269,0.000593411945678
89.4,-1.76479252822,-0.57684142928,0.000593411945678
89.5,-1.76974280586,-0.576135420291,0.000593411945678
89.6,-1.77469308351,-0.575429411302,0.000593411945678
89.7,-1.77964336115,-0.574723402313,0.000593411945678
89.8,-1.78459363879,-0.574017393324,0.000593411945678
89.9,-1.78954391644,-0.573311384335,0.000593411945678
90.0,-1.79449419408,-0.572605375346,0.000593411945678
90.1,-1.79944447173,-0.571899366357,0.000593411945678
90.2,-1.80439474937,-0.571193357368,0.000593411945678
90.3,-1.80934502702,-0.570487348379,0.000593411945678
90.4,-1.81429530466,-0.56978133939,0.000593411945678
90.5,-1.8192455823,-0.5690753304,0.000593411945678
90.6,-1.82419585995,-0.568369321411,0.000593411945678
90.7,-1.82914613759,-0.567663312422,0.000593411945678
90.8,-1.83409641524,-0.566957303433,0.000593411945678
90.9,-1.83904669288,-0.566251294444,0.000593411945678
91.0,-1.84399697052,-0.565545285455,0.000593411945678
91.1,-1.84894724817,-0.564839276466,0.000593411945678
91.2,-1.85389752581,-0.564133267477,0.000593411945678
91.3,-1.85884780346,-0.563427258488,0.000593411945678
91.4,-1.8637980811,-0.562721249499,0.000593411945678
91.5,-1.86874835874,-0.56201524051,0.000593411945678
91.6,-1.87369863639,-0.561309231521,0.000593411945678
91.7,-1.87864891403,-0.560603222532,0.000593411945678
91.8,-1.88359919168,-0.559897213543,0.000593411945678
91.9,-1.88854946932,-0.559191204554,0.000593411945678
92.0,-1.89349974696,-0.558485195565,0.000593411945678
92.1,-1.89845002461,-0.557779186575,0.000593411945678
92.2,-1.90340030225,-0.557073177586,0.000593411945678
92.3,-1.9083505799,-0.556367168597,0.000593411945678
92.4,-1.91330085754,-0.555661159608,0.000593411945678
92.5,-1.91825113519,-0.554955150619,0.000593411945678
92.6,-1.92320141283,-0.55424914163,0.000593411945678
92.7,-1.92815169047,-0.553543132641,0.000593411945678
92.8,-1.93310196812,-0.552837123652,0.000593411945678
92.9,-1.93805224576,-0.552131114663,0.000593411945678
93.0,-1.94300252341,-0.551425105674,0.000593411945678
93.1,-1.94795280105,-0.550719096685,0.000593411945678
93.2,-1.95290307869,-0.550013087696,0.000593411945678
93.3,-1.95785335634,-0.549307078707,0.000593411945678
93.3,-1.96280363398,-0.548601069718,0.000593411945678
93.5,-1.96587614469,-0.537565055834,0.000628318530717
93.6,-1.96783035551,-0.526273969205,0.000663225115757
93.7,-1.96864604814,-0.514840863725,0.000698131700797
93.8,-1.9683144071,-0.503380280265,0.000733038285837
93.9,-1.96683811448,-0.492007099171,0.000767944870877
93.9,-1.96423132948,-0.480835388711,0.000802851455917
94.1,-1.9605195528,-0.46997726104,0.000837758040957
94.2,-1.95573937734,-0.459541747125,0.000872664625997
94.3,-1.9499381275,-0.449633701946,0.000907571211037
94.4,-1.94317339069,-0.440352750953,0.000942477796076
94.5,-1.93551244574,-0.431792288365,0.000977384381116
94.6,-1.92703159376,-0.424038537388,0.00101229096616
94.7,-1.92703159376,-0.424038537388,0.00101229096616
94.8,-1.92703159376,-0.424038537388,0.00101229096616
94.9,-1.92703159376,-0.424038537388,0.00101229096616
94.9,-1.92703159376,-0.424038537388,0.00101229096616
95.1,-1.92703159376,-0.424038537388,0.00101229096616
95.2,-1.92703159376,-0.424038537388,0.00101229096616
95.3,-1.91781539822,-0.417169681804,0.0010471975512
95.4,-1.90795584177,-0.411255077674,0.00108210413624
95.5,-1.89755140819,-0.406354553112,0.00111701072128
95.6,-1.88670609868,-0.402517803187,0.00115191730632
95.7,-1.87552839229,-0.399783886083,0.00118682389136
95.8,-1.86413016085,-0.398180825617,0.0012217304764
95.9,-1.8526255493,-0.397725324158,0.00125663706143
96.0,-1.84112983266,-0.398422588896,0.00129154364647
96.1,-1.82975826092,-0.400266273254,0.00132645023151
96.2,-1.8186249037,-0.403238534096,0.00136135681655
96.3,-1.80784150594,-0.407310204232,0.00139626340159
96.4,-1.8039617418,-0.404153006034,0.00139626340159
96.5,-1.80008197765,-0.400995807835,0.00139626340159
96.6,-1.79620221351,-0.397838609637,0.00139626340159
96.7,-1.79232244936,-0.394681411439,0.00139626340159
96.8,-1.78844268522,-0.391524213241,0.00139626340159
96.8,-1.78456292107,-0.388367015042,0.00139626340159
97.0,-1.78068315693,-0.385209816844,0.00139626340159
97.1,-1.77680339278,-0.382052618646,0.00139626340159
97.2,-1.77292362863,-0.378895420448,0.00139626340159
97.3,-1.76904386449,-0.375738222249,0.00139626340159
97.4,-1.76516410034,-0.372581024051,0.00139626340159
97.4,-1.7612843362,-0.369423825853,0.00139626340159
97.5,-1.75740457205,-0.366266627655,0.00139626340159
97.6,-1.75352480791,-0.363109429457,0.00139626340159
97.7,-1.74964504376,-0.359952231258,0.00139626340159
97.8,-1.74576527962,-0.35679503306,0.00139626340159
97.9,-1.74188551547,-0.353637834862,0.00139626340159
98.0,-1.73800575133,-0.350480636664,0.00139626340159
98.2,-1.73412598718,-0.347323438465,0.00139626340159
98.3,-1.73024622303,-0.344166240267,0.00139626340159
98.4,-1.72636645889,-0.341009042069,0.00139626340159
98.5,-1.72248669474,-0.337851843871,0.00139626340159
98.6,-1.7186069306,-0.334694645672,0.00139626340159
98.7,-1.71472716645,-0.331537447474,0.00139626340159
98.8,-1.71084740231,-0.328380249276,0.00139626340159
98.9,-1.70696763816,-0.325223051078,0.00139626340159
99.0,-1.70308787402,-0.32206585288,0.00139626340159
99.1,-1.69920810987,-0.318908654681,0.00139626340159
99.2,-1.69532834573,-0.315751456483,0.00139626340159
99.3,-1.69144858158,-0.312594258285,0.00139626340159
99.4,-1.68756881743,-0.309437060087,0.00139626340159
99.5,-1.68368905329,-0.306279861888,0.00139626340159
99.6,-1.67980928914,-0.30312266369,0.00139626340159
99.7,-1.675929525,-0.299965465492,0.00139626340159
99.8,-1.67204976085,-0.296808267294,0.00139626340159
99.9,-1.66816999671,-0.293651069095,0.00139626340159
100.0,-1.66429023256,-0.290493870897,0.00139626340159
100.1,-1.66041046842,-0.287336672699,0.00139626340159
100.2,-1.65653070427,-0.284179474501,0.00139626340159
100.3,-1.65265094013,-0.281022276303,0.00139626340159
100.4,-1.65265094013,-0.281022276303,0.00139626340159
100.5,-1.65265094013,-0.281022276303,0.00139626340159
100.6,-1.64877117598,-0.277865078104,0.00139626340159
100.7,-1.64489141183,-0.274707879906,0.00139626340159
100.8,-1.64489141183,-0.274707879906,0.00139626340159
100.9,-1.64101164769,-0.271550681708,0.00139626340159
101.0,-1.63713188354,-0.26839348351,0.00139626340159
101.1,-1.6332521194,-0.265236285311,0.00139626340159
101.2,-1.62937235525,-0.262079087113,0.00139626340159
101.2,-1.62549259111,-0.258921888915,0.00139626340159
101.3,-1.62161282696,-0.255764690717,0.00139626340159
101.4,-1.61773306282,-0.252607492518,0.00139626340159
101.5,-1.61385329867,-0.24945029432,0.00139626340159
101.6,-1.60997353453,-0.246293096122,0.00139626340159
101.7,-1.60609377038,-0.243135897924,0.00139626340159
101.9,-1.60221400623,-0.239978699726,0.00139626340159
101.9,-1.59833424209,-0.236821501527,0.00139626340159
102.1,-1.59445447794,-0.233664303329,0.00139626340159
102.2,-1.5905747138,-0.230507105131,0.00139626340159
102.3,-1.58669494965,-0.227349906933,0.00139626340159
102.4,-1.58281518551,-0.224192708734,0.00139626340159
102.5,-1.57893542136,-0.221035510536,0.00139626340159
102.6,-1.57505565722,-0.217878312338,0.00139626340159
102.7,-1.57117589307,-0.21472111414,0.00139626340159
102.7,-1.56729612893,-0.211563915941,0.00139626340159
102.8,-1.56341636478,-0.208406717743,0.00139626340159
103.0,-1.55953660063,-0.205249519545,0.00139626340159
103.1,-1.55565683649,-0.202092321347,0.00139626340159
103.2,-1.55177707234,-0.198935123149,0.00139626340159
103.3,-1.5478973082,-0.19577792495,0.00139626340159
103.4,-1.54401754405,-0.192620726752,0.00139626340159
103.5,-1.54013777991,-0.189463528554,0.00139626340159
103.6,-1.53625801576,-0.186306330356,0.00139626340159
103.7,-1.53237825162,-0.183149132157,0.00139626340159
103.8,-1.52849848747,-0.179991933959,0.00139626340159
103.9,-1.52461872332,-0.176834735761,0.00139626340159
104.0,-1.52073895918,-0.173677537563,0.00139626340159
104.1,-1.51685919503,-0.170520339364,0.00139626340159
104.2,-1.51297943089,-0.167363141166,0.00139626340159
104.3,-1.50909966674,-0.164205942968,0.00139626340159
104.4,-1.5052199026,-0.16104874477,0.00139626340159
104.5,-1.50134013845,-0.157891546572,0.00139626340159
104.6,-1.49746037431,-0.154734348373,0.00139626340159
104.7,-1.49358061016,-0.151577150175,0.00139626340159
104.8,-1.48970084602,-0.148419951977,0.00139626340159
104.9,-1.48582108187,-0.145262753779,0.00139626340159
105.0,-1.48194131772,-0.14210555558,0.00139626340159
105.1,-1.47806155358,-0.138948357382,0.00139626340159
105.2,-1.47418178943,-0.135791159184,0.00139626340159
105.3,-1.47030202529,-0.132633960986,0.00139626340159
105.4,-1.46642226114,-0.129476762787,0.00139626340159
105.5,-1.462542497,-0.126319564589,0.00139626340159
105.6,-1.45866273285,-0.123162366391,0.00139626340159
105.7,-1.45478296871,-0.120005168193,0.00139626340159
105.8,-1.45090320456,-0.116847969995,0.00139626340159
105.9,-1.44702344042,-0.113690771796,0.00139626340159
106.0,-1.44314367627,-0.110533573598,0.00139626340159
106.1,-1.43926391212,-0.1073763754,0.00139626340159
106.2,-1.43538414798,-0.104219177202,0.00139626340159
106.3,-1.43150438383,-0.101061979003,0.00139626340159
106.4,-1.42762461969,-0.0979047808051,0.00139626340159
106.5,-1.42374485554,-0.0947475826069,0.00139626340159
106.6,-1.4198650914,-0.0915903844087,0.00139626340159
106.7,-1.41598532725,-0.0884331862104,0.00139626340159
106.8,-1.41210556311,-0.0852759880122,0.00139626340159
106.9,-1.40822579896,-0.082118789814,0.00139626340159
107.0,-1.40434603482,-0.0789615916158,0.00139626340159
107.1,-1.40046627067,-0.0758043934175,0.00139626340159
107.2,-1.39658650652,-0.0726471952193,0.00139626340159
107.3,-1.39270674238,-0.0694899970211,0.00139626340159
107.4,-1.38882697823,-0.0663327988228,0.00139626340159
107.4,-1.38494721409,-0.0631756006246,0.00139626340159
107.6,-1.38106744994,-0.0600184024264,0.00139626340159
107.7,-1.3771876858,-0.0568612042282,0.00139626340159
107.8,-1.37330792165,-0.0537040060299,0.00139626340159
107.9,-1.36942815751,-0.0505468078317,0.00139626340159
108.0,-1.36554839336,-0.0473896096335,0.00139626340159
108.1,-1.36166862922,-0.0442324114352,0.00139626340159
108.2,-1.35778886507,-0.041075213237,0.00139626340159
108.3,-1.35390910092,-0.0379180150388,0.00139626340159
108.4,-1.35002933678,-0.0347608168405,0.00139626340159
108.5,-1.34614957263,-0.0316036186423,0.00139626340159
108.6,-1.34226980849,-0.0284464204441,0.00139626340159
108.7,-1.33839004434,-0.0252892222459,0.00139626340159
108.8,-1.3345102802,-0.0221320240476,0.00139626340159
108.9,-1.33063051605,-0.0189748258494,0.00139626340159
109.0,-1.32675075191,-0.0158176276512,0.00139626340159
109.1,-1.32287098776,-0.0126604294529,0.00139626340159
109.2,-1.31899122362,-0.00950323125471,0.00139626340159
109.3,-1.31511145947,-0.00634603305648,0.00139626340159
109.4,-1.31123169532,-0.00318883485825,0.00139626340159
109.5,-1.30735193118,-3.16366600241e-05,0.00139626340159
109.6,-1.30347216703,0.00312556153821,0.00139626340159
109.7,-1.29959240289,0.00628275973643,0.00139626340159
109.8,-1.29571263874,0.00943995793466,0.00139626340159
109.9,-1.2918328746,0.0125971561329,0.00139626340159
110.0,-1.28795311045,0.0157543543311,0.00139626340159
110.1,-1.28407334631,0.0189115525294,0.00139626340159
110.2,-1.28019358216,0.0220687507276,0.00139626340159
110.2,-1.27631381802,0.0252259489258,0.00139626340159
110.4,-1.27243405387,0.028383147124,0.00139626340159
110.5,-1.26855428972,0.0315403453223,0.00139626340159
110.6,-1.26467452558,0.0346975435205,0.00139626340159
110.7,-1.26079476143,0.0378547417187,0.00139626340159
110.7,-1.25691499729,0.041011939917,0.00139626340159
110.9,-1.25303523314,0.0441691381152,0.00139626340159
111.0,-1.249155469,0.0473263363134,0.00139626340159
111.1,-1.24527570485,0.0504835345116,0.00139626340159
111.2,-1.24139594071,0.0536407327099,0.00139626340159
111.3,-1.23751617656,0.0567979309081,0.00139626340159
111.4,-1.23363641242,0.0599551291063,0.00139626340159
111.5,-1.22975664827,0.0631123273046,0.00139626340159
111.6,-1.22587688412,0.0662695255028,0.00139626340159
111.7,-1.22199711998,0.069426723701,0.00139626340159
111.8,-1.21811735583,0.0725839218992,0.00139626340159
111.9,-1.21423759169,0.0757411200975,0.00139626340159
112.0,-1.21035782754,0.0788983182957,0.00139626340159
112.1,-1.2064780634,0.0820555164939,0.00139626340159
112.2,-1.20259829925,0.0852127146922,0.00139626340159
112.3,-1.19871853511,0.0883699128904,0.00139626340159
112.4,-1.19483877096,0.0915271110886,0.00139626340159
112.5,-1.19095900682,0.0946843092869,0.00139626340159
112.6,-1.18707924267,0.0978415074851,0.00139626340159
112.7,-1.18319947852,0.100998705683,0.00139626340159
112.8,-1.17931971438,0.104155903882,0.00139626340159
112.8,-1.17543995023,0.10731310208,0.00139626340159
113.0,-1.17156018609,0.110470300278,0.00139626340159
113.1,-1.16768042194,0.113627498476,0.00139626340159
113.2,-1.1638006578,0.116784696674,0.00139626340159
113.3,-1.15992089365,0.119941894873,0.00139626340159
113.4,-1.15604112951,0.123099093071,0.00139626340159
113.5,-1.15216136536,0.126256291269,0.00139626340159
113.6,-1.14828160122,0.129413489467,0.00139626340159
113.7,-1.14440183707,0.132570687666,0.00139626340159
113.8,-1.14052207292,0.135727885864,0.00139626340159
113.9,-1.13664230878,0.138885084062,0.00139626340159
114.0,-1.13276254463,0.14204228226,0.00139626340159
114.1,-1.12888278049,0.145199480459,0.00139626340159
114.2,-1.12500301634,0.148356678657,0.00139626340159
114.3,-1.1211232522,0.151513876855,0.00139626340159
114.4,-1.11724348805,0.154671075053,0.00139626340159
114.5,-1.11336372391,0.157828273251,0.00139626340159
114.6,-1.10948395976,0.16098547145,0.00139626340159
114.7,-1.10560419562,0.164142669648,0.00139626340159
114.8,-1.10172443147,0.167299867846,0.00139626340159
114.9,-1.09784466732,0.170457066044,0.00139626340159
115.0,-1.09396490318,0.173614264243,0.00139626340159
115.1,-1.09008513903,0.176771462441,0.00139626340159
115.2,-1.08620537489,0.179928660639,0.00139626340159
115.3,-1.08232561074,0.183085858837,0.00139626340159
115.4,-1.0784458466,0.186243057036,0.00139626340159
115.4,-1.07456608245,0.189400255234,0.00139626340159
115.6,-1.07068631831,0.192557453432,0.00139626340159
115.7,-1.06680655416,0.19571465163,0.00139626340159
115.8,-1.06292679002,0.198871849828,0.00139626340159
115.9,-1.05904702587,0.202029048027,0.00139626340159
115.9,-1.05516726172,0.205186246225,0.00139626340159
116.1,-1.05128749758,0.208343444423,0.00139626340159
116.2,-1.04740773343,0.211500642621,0.00139626340159
116.3,-1.04352796929,0.21465784082,0.00139626340159
116.4,-1.03964820514,0.217815039018,0.00139626340159
116.5,-1.035768441,0.220972237216,0.00139626340159
116.6,-1.03188867685,0.224129435414,0.00139626340159
116.7,-1.02800891271,0.227286633612,0.00139626340159
116.8,-1.02412914856,0.230443831811,0.00139626340159
116.9,-1.02024938442,0.233601030009,0.00139626340159
117.0,-1.01636962027,0.236758228207,0.00139626340159
117.1,-1.01248985612,0.239915426405,0.00139626340159
117.2,-1.00861009198,0.243072624604,0.00139626340159
117.3,-1.00473032783,0.246229822802,0.00139626340159
117.4,-1.00085056369,0.249387021,0.00139626340159
117.5,-0.996970799543,0.252544219198,0.00139626340159
117.6,-0.993091035397,0.255701417397,0.00139626340159
117.7,-0.989211271252,0.258858615595,0.00139626340159
117.8,-0.985331507107,0.262015813793,0.00139626340159
117.9,-0.981451742961,0.265173011991,0.00139626340159
118.0,-0.977571978816,0.268330210189,0.00139626340159
118.1,-0.97369221467,0.271487408388,0.00139626340159
118.2,-0.969812450525,0.274644606586,0.00139626340159
118.3,-0.965932686379,0.277801804784,0.00139626340159
118.3,-0.962052922234,0.280959002982,0.00139626340159
118.5,-0.958173158088,0.284116201181,0.00139626340159
118.6,-0.954293393943,0.287273399379,0.00139626340159
118.7,-0.950413629797,0.290430597577,0.00139626340159
118.8,-0.946533865652,0.293587795775,0.00139626340159
118.9,-0.942654101507,0.296744993974,0.00139626340159
119.0,-0.938774337361,0.299902192172,0.00139626340159
119.1,-0.934894573216,0.30305939037,0.00139626340159
119.2,-0.93101480907,0.306216588568,0.00139626340159
119.3,-0.927135044925,0.309373786766,0.00139626340159
119.4,-0.923255280779,0.312530984965,0.00139626340159
119.5,-0.919375516634,0.315688183163,0.00139626340159
119.6,-0.915495752488,0.318845381361,0.00139626340159
119.7,-0.911615988343,0.322002579559,0.00139626340159
119.8,-0.907736224197,0.325159777758,0.00139626340159
119.9,-0.903856460052,0.328316975956,0.00139626340159
120.0,-0.899976695906,0.331474174154,0.00139626340159
120.1,-0.896096931761,0.334631372352,0.00139626340159
120.2,-0.892217167616,0.337788570551,0.00139626340159
120.3,-0.88833740347,0.340945768749,0.00139626340159
120.4,-0.884457639325,0.344102966947,0.00139626340159
120.5,-0.880577875179,0.347260165145,0.00139626340159
120.6,-0.876698111034,0.350417363343,0.00139626340159
120.7,-0.872818346888,0.353574561542,0.00139626340159
120.8,-0.868938582743,0.35673175974,0.00139626340159
120.8,-0.865058818597,0.359888957938,0.00139626340159
121.0,-0.861179054452,0.363046156136,0.00139626340159
121.1,-0.857299290306,0.366203354335,0.00139626340159
121.2,-0.853419526161,0.369360552533,0.00139626340159
121.3,-0.849539762016,0.372517750731,0.00139626340159
121.4,-0.84565999787,0.375674948929,0.00139626340159
121.5,-0.841780233725,0.378832147128,0.00139626340159
121.6,-0.837900469579,0.381989345326,0.00139626340159
121.7,-0.834020705434,0.385146543524,0.00139626340159
121.8,-0.830140941288,0.388303741722,0.00139626340159
121.9,-0.826261177143,0.39146093992,0.00139626340159
122.0,-0.822381412997,0.394618138119,0.00139626340159
122.1,-0.818501648852,0.397775336317,0.00139626340159
122.2,-0.814621884706,0.400932534515,0.00139626340159
122.3,-0.810742120561,0.404089732713,0.00139626340159
122.4,-0.806862356415,0.407246930912,0.00139626340159
122.5,-0.80298259227,0.41040412911,0.00139626340159
122.6,-0.799102828125,0.413561327308,0.00139626340159
122.7,-0.795223063979,0.416718525506,0.00139626340159
122.8,-0.791343299834,0.419875723705,0.00139626340159
122.9,-0.787463535688,0.423032921903,0.00139626340159
123.0,-0.783583771543,0.426190120101,0.00139626340159
123.1,-0.779704007397,0.429347318299,0.00139626340159
123.2,-0.769378867856,0.424216443996,0.00143116998663
123.3,-0.759615751447,0.418077211643,0.00146607657167
123.4,-0.750512846472,0.410990604513,0.00150098315671
123.5,-0.742161777172,0.403027137286,0.00153588974175
123.6,-0.734646681536,0.394266154413,0.00157079632679
123.7,-0.728043363652,0.384795039572,0.00160570291183
123.8,-0.72241852915,0.374708344092,0.00164060949687
123.9,-0.717829111417,0.364106843031,0.00167551608191
124.0,-0.712863828812,0.363494106661,0.00167551608191
124.1,-0.707898546206,0.36288137029,0.00167551608191
124.2,-0.702933263601,0.36226863392,0.00167551608191
124.3,-0.697967980995,0.36165589755,0.00167551608191
124.4,-0.69300269839,0.361043161179,0.00167551608191
124.5,-0.688037415785,0.360430424809,0.00167551608191
124.6,-0.683072133179,0.359817688438,0.00167551608191
124.7,-0.678106850574,0.359204952068,0.00167551608191
124.8,-0.673141567968,0.358592215698,0.00167551608191
124.8,-0.668176285363,0.357979479327,0.00167551608191
125.0,-0.663211002757,0.357366742957,0.00167551608191
125.1,-0.658245720152,0.356754006586,0.00167551608191
125.2,-0.653280437546,0.356141270216,0.00167551608191
125.3,-0.648315154941,0.355528533845,0.00167551608191
125.4,-0.643349872336,0.354915797475,0.00167551608191
125.5,-0.63838458973,0.354303061105,0.00167551608191
125.6,-0.633419307125,0.353690324734,0.00167551608191
125.7,-0.628454024519,0.353077588364,0.00167551608191
125.8,-0.623488741914,0.352464851993,0.00167551608191
125.9,-0.618523459308,0.351852115623,0.00167551608191
126.0,-0.613558176703,0.351239379253,0.00167551608191
126.1,-0.608592894097,0.350626642882,0.00167551608191
126.2,-0.603627611492,0.350013906512,0.00167551608191
126.3,-0.598662328887,0.349401170141,0.00167551608191
126.4,-0.593697046281,0.348788433771,0.00167551608191
126.5,-0.588731763676,0.348175697401,0.00167551608191
126.6,-0.58376648107,0.34756296103,0.00167551608191
126.7,-0.578801198465,0.34695022466,0.00167551608191
126.8,-0.573835915859,0.346337488289,0.00167551608191
126.9,-0.568870633254,0.345724751919,0.00167551608191
127.0,-0.563905350648,0.345112015548,0.00167551608191
127.1,-0.558940068043,0.344499279178,0.00167551608191
127.2,-0.553974785437,0.343886542808,0.00167551608191
127.3,-0.549009502832,0.343273806437,0.00167551608191
127.4,-0.544044220227,0.342661070067,0.00167551608191
127.5,-0.539078937621,0.342048333696,0.00167551608191
127.6,-0.534113655016,0.341435597326,0.00167551608191
127.7,-0.52914837241,0.340822860956,0.00167551608191
127.8,-0.524183089805,0.340210124585,0.00167551608191
127.9,-0.519217807199,0.339597388215,0.00167551608191
128.0,-0.514252524594,0.338984651844,0.00167551608191
128.1,-0.509287241988,0.338371915474,0.00167551608191
128.2,-0.504321959383,0.337759179104,0.00167551608191
128.3,-0.499356676778,0.337146442733,0.00167551608191
128.4,-0.494391394172,0.336533706363,0.00167551608191
128.5,-0.489426111567,0.335920969992,0.00167551608191
128.6,-0.484460828961,0.335308233622,0.00167551608191
128.7,-0.479495546356,0.334695497251,0.00167551608191
128.8,-0.47453026375,0.334082760881,0.00167551608191
128.9,-0.469564981145,0.333470024511,0.00167551608191
129.0,-0.464599698539,0.33285728814,0.00167551608191
129.1,-0.459634415934,0.33224455177,0.00167551608191
129.2,-0.454669133329,0.331631815399,0.00167551608191
129.3,-0.449703850723,0.331019079029,0.00167551608191
129.4,-0.444738568118,0.330406342659,0.00167551608191
129.5,-0.439773285512,0.329793606288,0.00167551608191
129.6,-0.434808002907,0.329180869918,0.00167551608191
129.7,-0.429842720301,0.328568133547,0.00167551608191
129.8,-0.424877437696,0.327955397177,0.00167551608191
129.9,-0.41991215509,0.327342660807,0.00167551608191
130.0,-0.414946872485,0.326729924436,0.00167551608191
130.1,-0.40998158988,0.326117188066,0.00167551608191
130.2,-0.405016307274,0.325504451695,0.00167551608191
130.3,-0.400051024669,0.324891715325,0.00167551608191
130.4,-0.395085742063,0.324278978954,0.00167551608191
130.5,-0.390120459458,0.323666242584,0.00167551608191
130.6,-0.385155176852,0.323053506214,0.00167551608191
130.7,-0.380189894247,0.322440769843,0.00167551608191
130.8,-0.375224611641,0.321828033473,0.00167551608191
130.9,-0.370259329036,0.321215297102,0.00167551608191
131.0,-0.36529404643,0.320602560732,0.00167551608191
131.1,-0.360328763825,0.319989824362,0.00167551608191
131.2,-0.35536348122,0.319377087991,0.00167551608191
131.3,-0.350398198614,0.318764351621,0.00167551608191
131.4,-0.345432916009,0.31815161525,0.00167551608191
131.5,-0.340467633403,0.31753887888,0.00167551608191
131.6,-0.335502350798,0.31692614251,0.00167551608191
131.7,-0.330537068192,0.316313406139,0.00167551608191
131.8,-0.325571785587,0.315700669769,0.00167551608191
131.9,-0.320606502981,0.315087933398,0.00167551608191
132.0,-0.315641220376,0.314475197028,0.00167551608191
132.1,-0.310675937771,0.313862460657,0.00167551608191
132.2,-0.305710655165,0.313249724287,0.00167551608191
132.3,-0.30074537256,0.312636987917,0.00167551608191
132.4,-0.295780089954,0.312024251546,0.00167551608191
132.5,-0.290814807349,0.311411515176,0.00167551608191
132.6,-0.285849524743,0.310798778805,0.00167551608191
132.7,-0.280884242138,0.310186042435,0.00167551608191
132.8,-0.275918959532,0.309573306065,0.00167551608191
132.9,-0.270953676927,0.308960569694,0.00167551608191
133.0,-0.265988394322,0.308347833324,0.00167551608191
133.1,-0.261023111716,0.307735096953,0.00167551608191
133.2,-0.256057829111,0.307122360583,0.00167551608191
133.3,-0.251092546505,0.306509624213,0.00167551608191
133.4,-0.2461272639,0.305896887842,0.00167551608191
133.5,-0.241161981294,0.305284151472,0.00167551608191
133.6,-0.236196698689,0.304671415101,0.00167551608191
133.7,-0.231231416083,0.304058678731,0.00167551608191
133.8,-0.226266133478,0.30344594236,0.00167551608191
133.9,-0.221300850873,0.30283320599,0.00167551608191
134.0,-0.216335568267,0.30222046962,0.00167551608191
134.1,-0.211370285662,0.301607733249,0.00167551608191
134.2,-0.206405003056,0.300994996879,0.00167551608191
134.3,-0.201439720451,0.300382260508,0.00167551608191
134.4,-0.196474437845,0.299769524138,0.00167551608191
134.5,-0.19150915524,0.299156787768,0.00167551608191
134.6,-0.186543872634,0.298544051397,0.00167551608191
134.7,-0.181578590029,0.297931315027,0.00167551608191
134.8,-0.176613307424,0.297318578656,0.00167551608191
134.9,-0.171648024818,0.296705842286,0.00167551608191
135.0,-0.166682742213,0.296093105916,0.00167551608191
135.1,-0.161717459607,0.295480369545,0.00167551608191
135.2,-0.156752177002,0.294867633175,0.00167551608191
135.3,-0.151786894396,0.294254896804,0.00167551608191
135.4,-0.146821611791,0.293642160434,0.00167551608191
135.4,-0.141856329185,0.293029424063,0.00167551608191
135.5,-0.13689104658,0.292416687693,0.00167551608191
135.6,-0.131925763974,0.291803951323,0.00167551608191
135.7,-0.126960481369,0.291191214952,0.00167551608191
135.9,-0.121995198764,0.290578478582,0.00167551608191
136.0,-0.117029916158,0.289965742211,0.00167551608191
136.1,-0.112064633553,0.289353005841,0.00167551608191
136.2,-0.107099350947,0.288740269471,0.00167551608191
136.3,-0.102134068342,0.2881275331,0.00167551608191
136.4,-0.0971687857363,0.28751479673,0.00167551608191
136.5,-0.0922035031309,0.286902060359,0.00167551608191
136.6,-0.0872382205255,0.286289323989,0.00167551608191
136.7,-0.08227293792,0.285676587619,0.00167551608191
136.8,-0.0773076553146,0.285063851248,0.00167551608191
136.8,-0.0723423727091,0.284451114878,0.00167551608191
136.9,-0.0673770901037,0.283838378507,0.00167551608191
137.0,-0.0624118074982,0.283225642137,0.00167551608191
137.1,-0.0574465248928,0.282612905766,0.00167551608191
137.2,-0.0524812422873,0.282000169396,0.00167551608191
137.3,-0.0475159596819,0.281387433026,0.00167551608191
137.4,-0.0425506770764,0.280774696655,0.00167551608191
137.5,-0.037585394471,0.280161960285,0.00167551608191
137.6,-0.0326201118655,0.279549223914,0.00167551608191
137.8,-0.0276548292601,0.278936487544,0.00167551608191
137.9,-0.0226895466546,0.278323751174,0.00167551608191
138.0,-0.0177242640492,0.277711014803,0.00167551608191
138.1,-0.0127589814438,0.277098278433,0.00167551608191
138.1,-0.0077936988383,0.276485542062,0.00167551608191
138.3,-0.00282841623286,0.275872805692,0.00167551608191
138.4,0.00213686637259,0.275260069322,0.00167551608191
138.5,0.00710214897804,0.274647332951,0.00167551608191
138.6,0.0120674315835,0.274034596581,0.00167551608191
138.7,0.0170327141889,0.27342186021,0.00167551608191
138.8,0.0219979967944,0.27280912384,0.00167551608191
138.9,0.0269632793998,0.272196387469,0.00167551608191
139.0,0.0319285620053,0.271583651099,0.00167551608191
139.1,0.0368938446107,0.270970914729,0.00167551608191
139.2,0.0418591272162,0.270358178358,0.00167551608191
139.3,0.0468244098216,0.269745441988,0.00167551608191
139.4,0.0517896924271,0.269132705617,0.00167551608191
139.5,0.0567549750325,0.268519969247,0.00167551608191
139.6,0.061720257638,0.267907232877,0.00167551608191
139.7,0.0666855402434,0.267294496506,0.00167551608191
139.8,0.0716508228488,0.266681760136,0.00167551608191
139.9,0.0766161054543,0.266069023765,0.00167551608191
140.0,0.0815813880597,0.265456287395,0.00167551608191
140.1,0.0850888040487,0.254445972714,0.00171042266695
140.2,0.0874784544866,0.243136993585,0.00174532925199
140.3,0.0887257612604,0.231642554438,0.00178023583703
140.4,0.0888175845417,0.220077781774,0.00181514242207
140.5,0.0877523608464,0.20855857108,0.00185004900711
140.6,0.0855401251158,0.197200425399,0.00188495559215
140.7,0.082202416534,0.186117297194,0.00191986217719
140.8,0.0777720689623,0.175420445115,0.00195476876223
140.9,0.0722928880276,0.165217317147,0.00198967534727
141.0,0.0658192180398,0.155610471334,0.00202458193231
141.1,0.0584154030194,0.146696544943,0.00205948851735
141.2,0.0501551471806,0.138565282405,0.00209439510239
141.3,0.0411207812248,0.131298631825,0.00212930168743
141.4,0.0314024417503,0.124969919155,0.00216420827247
141.5,0.0210971719546,0.119643108341,0.00219911485751
141.6,0.0103079526032,0.115372154931,0.00223402144255
141.7,-0.000857327059252,0.112200459641,0.00226892802759
141.8,-0.0122869481717,0.110160427452,0.00230383461263
141.9,-0.0238664801055,0.109273136681,0.00233874119767
142.0,-0.035479926113,0.109548121428,0.00237364778271
142.1,-0.0470108853077,0.110983269625,0.00240855436775
142.2,-0.0583437193344,0.113564837791,0.00244346095279
142.3,-0.061821869928,0.109964121378,0.00244346095279
142.4,-0.0653000205215,0.106363404966,0.00244346095279
142.5,-0.0687781711151,0.102762688554,0.00244346095279
142.6,-0.0722563217087,0.0991619721414,0.00244346095279
142.7,-0.0757344723023,0.0955612557291,0.00244346095279
142.8,-0.0792126228958,0.0919605393167,0.00244346095279
142.9,-0.0826907734894,0.0883598229043,0.00244346095279
143.0,-0.086168924083,0.084759106492,0.00244346095279
143.1,-0.0896470746766,0.0811583900796,0.00244346095279
143.2,-0.0931252252702,0.0775576736673,0.00244346095279
143.3,-0.0966033758637,0.0739569572549,0.00244346095279
143.4,-0.100081526457,0.0703562408426,0.00244346095279
143.5,-0.103559677051,0.0667555244302,0.00244346095279
143.6,-0.107037827644,0.0631548080179,0.00244346095279
143.7,-0.110515978238,0.0595540916055,0.00244346095279
143.8,-0.113994128832,0.0559533751932,0.00244346095279
143.9,-0.117472279425,0.0523526587808,0.00244346095279
144.0,-0.120950430019,0.0487519423685,0.00244346095279
144.1,-0.124428580612,0.0451512259561,0.00244346095279
144.2,-0.127906731206,0.0415505095437,0.00244346095279
144.3,-0.1313848818,0.0379497931314,0.00244346095279
144.4,-0.134863032393,0.034349076719,0.00244346095279
144.5,-0.138341182987,0.0307483603067,0.00244346095279
144.6,-0.14181933358,0.0271476438943,0.00244346095279
144.7,-0.145297484174,0.023546927482,0.00244346095279
144.8,-0.148775634767,0.0199462110696,0.00244346095279
144.9,-0.152253785361,0.0163454946573,0.00244346095279
145.0,-0.155731935955,0.0127447782449,0.00244346095279
145.1,-0.159210086548,0.00914406183256,0.00244346095279
145.2,-0.162688237142,0.00554334542021,0.00244346095279
145.3,-0.166166387735,0.00194262900786,0.00244346095279
145.4,-0.169644538329,-0.0016580874045,0.00244346095279
145.5,-0.173122688922,-0.00525880381685,0.00244346095279
145.6,-0.176600839516,-0.00885952022921,0.00244346095279
145.7,-0.18007899011,-0.0124602366416,0.00244346095279
145.8,-0.183557140703,-0.0160609530539,0.00244346095279
145.9,-0.187035291297,-0.0196616694663,0.00244346095279
146.0,-0.19051344189,-0.0232623858786,0.00244346095279
146.1,-0.193991592484,-0.026863102291,0.00244346095279
146.2,-0.197469743077,-0.0304638187033,0.00244346095279
146.3,-0.200947893671,-0.0340645351157,0.00244346095279
146.4,-0.204426044265,-0.037665251528,0.00244346095279
146.5,-0.207904194858,-0.0412659679404,0.00244346095279
146.6,-0.211382345452,-0.0448666843527,0.00244346095279
146.7,-0.214860496045,-0.0484674007651,0.00244346095279
146.8,-0.218338646639,-0.0520681171775,0.00244346095279
146.9,-0.221816797233,-0.0556688335898,0.00244346095279
147.0,-0.225294947826,-0.0592695500022,0.00244346095279
147.1,-0.22877309842,-0.0628702664145,0.00244346095279
147.2,-0.232251249013,-0.0664709828269,0.00244346095279
147.3,-0.235729399607,-0.0700716992392,0.00244346095279
147.4,-0.2392075502,-0.0736724156516,0.00244346095279
147.5,-0.242685700794,-0.0772731320639,0.00244346095279
147.6,-0.246163851388,-0.0808738484763,0.00244346095279
147.7,-0.249642001981,-0.0844745648886,0.00244346095279
147.8,-0.253120152575,-0.088075281301,0.00244346095279
147.9,-0.256598303168,-0.0916759977133,0.00244346095279
148.0,-0.260076453762,-0.0952767141257,0.00244346095279
148.1,-0.263554604355,-0.0988774305381,0.00244346095279
148.2,-0.267032754949,-0.10247814695,0.00244346095279
148.3,-0.270510905543,-0.106078863363,0.00244346095279
148.4,-0.273989056136,-0.109679579775,0.00244346095279
148.5,-0.27746720673,-0.113280296187,0.00244346095279
148.6,-0.280945357323,-0.1168810126,0.00244346095279
148.7,-0.284423507917,-0.120481729012,0.00244346095279
148.8,-0.287901658511,-0.124082445425,0.00244346095279
148.9,-0.291379809104,-0.127683161837,0.00244346095279
149.0,-0.294857959698,-0.131283878249,0.00244346095279
149.1,-0.298336110291,-0.134884594662,0.00244346095279
149.2,-0.301814260885,-0.138485311074,0.00244346095279
149.3,-0.305292411478,-0.142086027486,0.00244346095279
149.4,-0.308770562072,-0.145686743899,0.00244346095279
149.5,-0.312248712666,-0.149287460311,0.00244346095279
149.6,-0.315726863259,-0.152888176723,0.00244346095279
149.7,-0.319205013853,-0.156488893136,0.00244346095279
149.9,-0.322683164446,-0.160089609548,0.00244346095279
149.9,-0.32616131504,-0.16369032596,0.00244346095279
150.0,-0.32616131504,-0.16369032596,0.00244346095279
150.1,-0.329639465633,-0.167291042373,0.00244346095279
150.2,-0.333117616227,-0.170891758785,0.00244346095279
150.3,-0.336595766821,-0.174492475197,0.00244346095279
150.4,-0.340073917414,-0.17809319161,0.00244346095279
150.5,-0.343552068008,-0.181693908022,0.00244346095279
150.6,-0.347030218601,-0.185294624435,0.00244346095279
150.7,-0.350508369195,-0.188895340847,0.00244346095279
150.8,-0.353986519788,-0.192496057259,0.00244346095279
150.9,-0.357464670382,-0.196096773672,0.00244346095279
151.0,-0.360942820976,-0.199697490084,0.00244346095279
151.1,-0.364420971569,-0.203298206496,0.00244346095279
151.2,-0.367899122163,-0.206898922909,0.00244346095279
151.2,-0.371377272756,-0.210499639321,0.00244346095279
151.3,-0.37485542335,-0.214100355733,0.00244346095279
151.5,-0.378333573944,-0.217701072146,0.00244346095279
151.6,-0.381811724537,-0.221301788558,0.00244346095279
151.7,-0.385289875131,-0.22490250497,0.00244346095279
151.8,-0.388768025724,-0.228503221383,0.00244346095279
151.9,-0.392246176318,-0.232103937795,0.00244346095279
152.0,-0.395724326911,-0.235704654208,0.00244346095279
152.1,-0.399202477505,-0.23930537062,0.00244346095279
152.2,-0.402680628099,-0.242906087032,0.00244346095279
152.3,-0.406158778692,-0.246506803445,0.00244346095279
152.4,-0.409636929286,-0.250107519857,0.00244346095279
152.5,-0.413115079879,-0.253708236269,0.00244346095279
152.6,-0.416593230473,-0.257308952682,0.00244346095279
152.6,-0.420071381066,-0.260909669094,0.00244346095279
152.8,-0.42354953166,-0.264510385506,0.00244346095279
152.9,-0.427027682254,-0.268111101919,0.00244346095279
153.0,-0.430505832847,-0.271711818331,0.00244346095279
153.1,-0.433983983441,-0.275312534743,0.00244346095279
153.2,-0.437462134034,-0.278913251156,0.00244346095279
153.3,-0.440940284628,-0.282513967568,0.00244346095279
153.4,-0.444418435222,-0.28611468398,0.00244346095279
153.5,-0.447896585815,-0.289715400393,0.00244346095279
153.6,-0.451374736409,-0.293316116805,0.00244346095279
153.7,-0.454852887002,-0.296916833218,0.00244346095279
153.8,-0.458331037596,-0.30051754963,0.00244346095279
153.9,-0.461809188189,-0.304118266042,0.00244346095279
154.0,-0.465287338783,-0.307718982455,0.00244346095279
154.1,-0.468765489377,-0.311319698867,0.00244346095279
154.2,-0.47224363997,-0.314920415279,0.00244346095279
154.3,-0.475721790564,-0.318521131692,0.00244346095279
154.4,-0.479199941157,-0.322121848104,0.00244346095279
154.5,-0.482678091751,-0.325722564516,0.00244346095279
154.5,-0.486156242344,-0.329323280929,0.00244346095279
154.7,-0.489634392938,-0.332923997341,0.00244346095279
154.8,-0.493112543532,-0.336524713753,0.00244346095279
154.9,-0.496590694125,-0.340125430166,0.00244346095279
154.9,-0.500068844719,-0.343726146578,0.00244346095279
155.1,-0.503546995312,-0.34732686299,0.00244346095279
155.2,-0.507025145906,-0.350927579403,0.00244346095279
155.3,-0.5105032965,-0.354528295815,0.00244346095279
155.4,-0.513981447093,-0.358129012228,0.00244346095279
155.5,-0.517459597687,-0.36172972864,0.00244346095279
155.6,-0.52093774828,-0.365330445052,0.00244346095279
155.7,-0.524415898874,-0.368931161465,0.00244346095279
155.8,-0.527894049467,-0.372531877877,0.00244346095279
155.9,-0.531372200061,-0.376132594289,0.00244346095279
156.0,-0.534850350655,-0.379733310702,0.00244346095279
156.1,-0.538328501248,-0.383334027114,0.00244346095279
156.2,-0.541806651842,-0.386934743526,0.00244346095279
156.3,-0.545284802435,-0.390535459939,0.00244346095279
156.3,-0.548762953029,-0.394136176351,0.00244346095279
156.5,-0.552241103622,-0.397736892763,0.00244346095279
156.6,-0.555719254216,-0.401337609176,0.00244346095279
156.7,-0.55919740481,-0.404938325588,0.00244346095279
156.8,-0.562675555403,-0.408539042,0.00244346095279
156.9,-0.566153705997,-0.412139758413,0.00244346095279
157.0,-0.56963185659,-0.415740474825,0.00244346095279
157.1,-0.573110007184,-0.419341191238,0.00244346095279
157.2,-0.576588157777,-0.42294190765,0.00244346095279
157.3,-0.580066308371,-0.426542624062,0.00244346095279
157.4,-0.583544458965,-0.430143340475,0.00244346095279
157.5,-0.587022609558,-0.433744056887,0.00244346095279
157.6,-0.590500760152,-0.437344773299,0.00244346095279
157.7,-0.593978910745,-0.440945489712,0.00244346095279
157.8,-0.597457061339,-0.444546206124,0.00244346095279
157.9,-0.600935211933,-0.448146922536,0.00244346095279
158.0,-0.604413362526,-0.451747638949,0.00244346095279
158.1,-0.60789151312,-0.455348355361,0.00244346095279
158.2,-0.611369663713,-0.458949071773,0.00244346095279
158.3,-0.614847814307,-0.462549788186,0.00244346095279
158.4,-0.6183259649,-0.466150504598,0.00244346095279
158.5,-0.621804115494,-0.469751221011,0.00244346095279
158.6,-0.625282266088,-0.473351937423,0.00244346095279
158.7,-0.628760416681,-0.476952653835,0.00244346095279
158.8,-0.632238567275,-0.480553370248,0.00244346095279
158.9,-0.635716717868,-0.48415408666,0.00244346095279
159.0,-0.639194868462,-0.487754803072,0.00244346095279
159.1,-0.642673019055,-0.491355519485,0.00244346095279
159.3,-0.646151169649,-0.494956235897,0.00244346095279
159.3,-0.649629320243,-0.498556952309,0.00244346095279
159.4,-0.653107470836,-0.502157668722,0.00244346095279
159.5,-0.65658562143,-0.505758385134,0.00244346095279
159.6,-0.660063772023,-0.509359101546,0.00244346095279
159.7,-0.663541922617,-0.512959817959,0.00244346095279
159.8,-0.667020073211,-0.516560534371,0.00244346095279
159.9,-0.670498223804,-0.520161250783,0.00244346095279
160.0,-0.673976374398,-0.523761967196,0.00244346095279
160.1,-0.677454524991,-0.527362683608,0.00244346095279
160.2,-0.680932675585,-0.530963400021,0.00244346095279
160.3,-0.684410826178,-0.534564116433,0.00244346095279
160.4,-0.687888976772,-0.538164832845,0.00244346095279
160.5,-0.691367127366,-0.541765549258,0.00244346095279
160.6,-0.694845277959,-0.54536626567,0.00244346095279
160.7,-0.698323428553,-0.548966982082,0.00244346095279
160.8,-0.701801579146,-0.552567698495,0.00244346095279
160.9,-0.70527972974,-0.556168414907,0.00244346095279
161.0,-0.708757880333,-0.559769131319,0.00244346095279
161.1,-0.712236030927,-0.563369847732,0.00244346095279
161.2,-0.715714181521,-0.566970564144,0.00244346095279
161.3,-0.719192332114,-0.570571280556,0.00244346095279
161.4,-0.722670482708,-0.574171996969,0.00244346095279
161.5,-0.726148633301,-0.577772713381,0.00244346095279
161.6,-0.729626783895,-0.581373429793,0.00244346095279
161.7,-0.733104934489,-0.584974146206,0.00244346095279
161.8,-0.736583085082,-0.588574862618,0.00244346095279
161.9,-0.740061235676,-0.592175579031,0.00244346095279
162.0,-0.743539386269,-0.595776295443,0.00244346095279
162.1,-0.747017536863,-0.599377011855,0.00244346095279
162.2,-0.750495687456,-0.602977728268,0.00244346095279
162.3,-0.75397383805,-0.60657844468,0.00244346095279
162.4,-0.757451988644,-0.610179161092,0.00244346095279
162.5,-0.760930139237,-0.613779877505,0.00244346095279
162.6,-0.764408289831,-0.617380593917,0.00244346095279
162.7,-0.767886440424,-0.620981310329,0.00244346095279
162.8,-0.771364591018,-0.624582026742,0.00244346095279
162.9,-0.774842741611,-0.628182743154,0.00244346095279
163.0,-0.778320892205,-0.631783459566,0.00244346095279
163.1,-0.781799042799,-0.635384175979,0.00244346095279
163.2,-0.785277193392,-0.638984892391,0.00244346095279
163.3,-0.788755343986,-0.642585608804,0.00244346095279
163.4,-0.792233494579,-0.646186325216,0.00244346095279
163.5,-0.795711645173,-0.649787041628,0.00244346095279
163.6,-0.799189795766,-0.653387758041,0.00244346095279
163.7,-0.80266794636,-0.656988474453,0.00244346095279
163.8,-0.806146096954,-0.660589190865,0.00244346095279
163.9,-0.809624247547,-0.664189907278,0.00244346095279
164.0,-0.813102398141,-0.66779062369,0.00244346095279
164.1,-0.816580548734,-0.671391340102,0.00244346095279
164.2,-0.820058699328,-0.674992056515,0.00244346095279
164.3,-0.823536849922,-0.678592772927,0.00244346095279
164.4,-0.827015000515,-0.682193489339,0.00244346095279
164.5,-0.830493151109,-0.685794205752,0.00244346095279
164.6,-0.833971301702,-0.689394922164,0.00244346095279
164.7,-0.837449452296,-0.692995638576,0.00244346095279
164.8,-0.840927602889,-0.696596354989,0.00244346095279
164.9,-0.844405753483,-0.700197071401,0.00244346095279
165.0,-0.847883904077,-0.703797787814,0.00244346095279
165.1,-0.858904896779,-0.700095043217,0.00247836753783
165.2,-0.869503395236,-0.695307619064,0.00251327412287
165.3,-0.879572920717,-0.689482905895,0.00254818070791
165.4,-0.8890122384,-0.682678718848,0.00258308729295
165.5,-0.897726375111,-0.674962723817,0.00261799387799
165.6,-0.905627574852,-0.666411764556,0.00265290046303
165.7,-0.912636182497,-0.657111097395,0.00268780704807
165.8,-0.918681446772,-0.647153541208,0.00272271363311
165.9,-0.923702234412,-0.636638551103,0.00275762021815
166.0,-0.927647648292,-0.625671225074,0.00279252680319
166.1,-0.930477543286,-0.614361253535,0.00282743338823
166.2,-0.93216293462,-0.602821822251,0.00286233997327
166.3,-0.932686294571,-0.591168479619,0.00289724655831
166.4,-0.932041734479,-0.57951797964,0.00293215314335
166.5,-0.936154466953,-0.576658660575,0.00293215314335
166.6,-0.940267199427,-0.573799341511,0.00293215314335
166.7,-0.944379931902,-0.570940022447,0.00293215314335
166.8,-0.948492664376,-0.568080703382,0.00293215314335
166.9,-0.95260539685,-0.565221384318,0.00293215314335
166.9,-0.956718129325,-0.562362065254,0.00293215314335
167.1,-0.960830861799,-0.55950274619,0.00293215314335
167.2,-0.964943594273,-0.556643427125,0.00293215314335
167.3,-0.969056326748,-0.553784108061,0.00293215314335
167.4,-0.973169059222,-0.550924788997,0.00293215314335
167.5,-0.977281791696,-0.548065469932,0.00293215314335
167.6,-0.981394524171,-0.545206150868,0.00293215314335
167.7,-0.985507256645,-0.542346831804,0.00293215314335
167.8,-0.989619989119,-0.539487512739,0.00293215314335
167.9,-0.993732721594,-0.536628193675,0.00293215314335
168.0,-0.997845454068,-0.533768874611,0.00293215314335
168.1,-1.00195818654,-0.530909555547,0.00293215314335
168.2,-1.00607091902,-0.528050236482,0.00293215314335
168.3,-1.01018365149,-0.525190917418,0.00293215314335
168.4,-1.01429638397,-0.522331598354,0.00293215314335
168.5,-1.01840911644,-0.519472279289,0.00293215314335
168.6,-1.02252184891,-0.516612960225,0.00293215314335
168.7,-1.02663458139,-0.513753641161,0.00293215314335
168.8,-1.03074731386,-0.510894322096,0.00293215314335
168.9,-1.03486004634,-0.508035003032,0.00293215314335
169.0,-1.03897277881,-0.505175683968,0.00293215314335
169.1,-1.04308551129,-0.502316364903,0.00293215314335
169.2,-1.04719824376,-0.499457045839,0.00293215314335
169.3,-1.05131097623,-0.496597726775,0.00293215314335
169.4,-1.05542370871,-0.493738407711,0.00293215314335
169.5,-1.05953644118,-0.490879088646,0.00293215314335
169.6,-1.06364917366,-0.488019769582,0.00293215314335
169.7,-1.06776190613,-0.485160450518,0.00293215314335
169.8,-1.07187463861,-0.482301131453,0.00293215314335
169.9,-1.07598737108,-0.479441812389,0.00293215314335
170.0,-1.08010010355,-0.476582493325,0.00293215314335
170.1,-1.08421283603,-0.47372317426,0.00293215314335
170.2,-1.0883255685,-0.470863855196,0.00293215314335
170.3,-1.09243830098,-0.468004536132,0.00293215314335
170.4,-1.09655103345,-0.465145217068,0.00293215314335
170.5,-1.10066376593,-0.462285898003,0.00293215314335
170.6,-1.1047764984,-0.459426578939,0.00293215314335
170.7,-1.10888923087,-0.456567259875,0.00293215314335
170.8,-1.11300196335,-0.45370794081,0.00293215314335
170.9,-1.11711469582,-0.450848621746,0.00293215314335
171.0,-1.1212274283,-0.447989302682,0.00293215314335
171.1,-1.12534016077,-0.445129983617,0.00293215314335
171.2,-1.12945289325,-0.442270664553,0.00293215314335
171.2,-1.13356562572,-0.439411345489,0.00293215314335
171.4,-1.1376783582,-0.436552026425,0.00293215314335
171.5,-1.14179109067,-0.43369270736,0.00293215314335
171.6,-1.14590382314,-0.430833388296,0.00293215314335
171.7,-1.15001655562,-0.427974069232,0.00293215314335
171.8,-1.15412928809,-0.425114750167,0.00293215314335
171.9,-1.15824202057,-0.422255431103,0.00293215314335
172.0,-1.16235475304,-0.419396112039,0.00293215314335
172.1,-1.16646748552,-0.416536792974,0.00293215314335
172.2,-1.17058021799,-0.41367747391,0.00293215314335
172.3,-1.17469295046,-0.410818154846,0.00293215314335
172.4,-1.17880568294,-0.407958835782,0.00293215314335
172.5,-1.18291841541,-0.405099516717,0.00293215314335
172.6,-1.18703114789,-0.402240197653,0.00293215314335
172.7,-1.19114388036,-0.399380878589,0.00293215314335
172.8,-1.19525661284,-0.396521559524,0.00293215314335
172.9,-1.19936934531,-0.39366224046,0.00293215314335
173.0,-1.20348207778,-0.390802921396,0.00293215314335
173.1,-1.20759481026,-0.387943602331,0.00293215314335
173.2,-1.21170754273,-0.385084283267,0.00293215314335
173.3,-1.21582027521,-0.382224964203,0.00293215314335
173.4,-1.21993300768,-0.379365645138,0.00293215314335
173.5,-1.22404574016,-0.376506326074,0.00293215314335
173.6,-1.22815847263,-0.37364700701,0.00293215314335
173.7,-1.2322712051,-0.370787687946,0.00293215314335
173.8,-1.23638393758,-0.367928368881,0.00293215314335
173.9,-1.24049667005,-0.365069049817,0.00293215314335
174.0,-1.24460940253,-0.362209730753,0.00293215314335
174.1,-1.248722135,-0.359350411688,0.00293215314335
174.2,-1.25283486748,-0.356491092624,0.00293215314335
174.3,-1.25694759995,-0.35363177356,0.00293215314335
174.4,-1.26106033243,-0.350772454495,0.00293215314335
174.5,-1.2651730649,-0.347913135431,0.00293215314335
174.6,-1.26928579737,-0.345053816367,0.00293215314335
174.7,-1.27339852985,-0.342194497303,0.00293215314335
174.8,-1.27751126232,-0.339335178238,0.00293215314335
174.9,-1.2816239948,-0.336475859174,0.00293215314335
175.0,-1.28573672727,-0.33361654011,0.00293215314335
175.1,-1.28984945975,-0.330757221045,0.00293215314335
175.2,-1.29396219222,-0.327897901981,0.00293215314335
175.3,-1.29807492469,-0.325038582917,0.00293215314335
175.4,-1.30218765717,-0.322179263852,0.00293215314335
175.5,-1.30630038964,-0.319319944788,0.00293215314335
175.6,-1.31041312212,-0.316460625724,0.00293215314335
175.7,-1.31452585459,-0.31360130666,0.00293215314335
175.8,-1.31863858707,-0.310741987595,0.00293215314335
175.9,-1.32275131954,-0.307882668531,0.00293215314335
176.0,-1.32686405201,-0.305023349467,0.00293215314335
176.1,-1.33097678449,-0.302164030402,0.00293215314335
176.2,-1.33508951696,-0.299304711338,0.00293215314335
176.3,-1.33920224944,-0.296445392274,0.00293215314335
176.4,-1.34331498191,-0.293586073209,0.00293215314335
176.5,-1.34742771439,-0.290726754145,0.00293215314335
176.6,-1.35154044686,-0.287867435081,0.00293215314335
176.7,-1.35565317933,-0.285008116016,0.00293215314335
176.8,-1.35976591181,-0.282148796952,0.00293215314335
176.9,-1.36387864428,-0.279289477888,0.00293215314335
177.0,-1.36799137676,-0.276430158824,0.00293215314335
177.0,-1.37210410923,-0.273570839759,0.00293215314335
177.2,-1.37621684171,-0.270711520695,0.00293215314335
177.3,-1.38032957418,-0.267852201631,0.00293215314335
177.4,-1.38444230666,-0.264992882566,0.00293215314335
177.5,-1.38855503913,-0.262133563502,0.00293215314335
177.6,-1.3926677716,-0.259274244438,0.00293215314335
177.7,-1.39678050408,-0.256414925373,0.00293215314335
177.8,-1.40089323655,-0.253555606309,0.00293215314335
177.9,-1.40500596903,-0.250696287245,0.00293215314335
178.0,-1.4091187015,-0.247836968181,0.00293215314335
178.1,-1.41323143398,-0.244977649116,0.00293215314335
178.2,-1.41734416645,-0.242118330052,0.00293215314335
178.3,-1.42145689892,-0.239259010988,0.00293215314335
178.4,-1.4255696314,-0.236399691923,0.00293215314335
178.5,-1.42968236387,-0.233540372859,0.00293215314335
178.6,-1.43379509635,-0.230681053795,0.00293215314335
178.7,-1.43790782882,-0.22782173473,0.00293215314335
178.8,-1.4420205613,-0.224962415666,0.00293215314335
178.9,-1.44613329377,-0.222103096602,0.00293215314335
179.0,-1.45024602624,-0.219243777538,0.00293215314335
179.1,-1.45435875872,-0.216384458473,0.00293215314335
179.2,-1.45847149119,-0.213525139409,0.00293215314335
179.3,-1.46258422367,-0.210665820345,0.00293215314335
179.4,-1.46669695614,-0.20780650128,0.00293215314335
179.5,-1.47080968862,-0.204947182216,0.00293215314335
179.6,-1.47492242109,-0.202087863152,0.00293215314335
179.7,-1.47903515356,-0.199228544087,0.00293215314335
179.8,-1.48314788604,-0.196369225023,0.00293215314335
179.9,-1.48726061851,-0.193509905959,0.00293215314335
180.0,-1.49137335099,-0.190650586894,0.00293215314335
180.1,-1.49548608346,-0.18779126783,0.00293215314335
180.2,-1.49959881594,-0.184931948766,0.00293215314335
180.3,-1.50371154841,-0.182072629702,0.00293215314335
180.4,-1.50782428089,-0.179213310637,0.00293215314335
180.5,-1.51193701336,-0.176353991573,0.00293215314335
180.6,-1.51604974583,-0.173494672509,0.00293215314335
180.7,-1.52016247831,-0.170635353444,0.00293215314335
180.8,-1.52427521078,-0.16777603438,0.00293215314335
180.9,-1.52838794326,-0.164916715316,0.00293215314335
181.0,-1.53250067573,-0.162057396251,0.00293215314335
181.1,-1.53661340821,-0.159198077187,0.00293215314335
181.2,-1.54072614068,-0.156338758123,0.00293215314335
181.3,-1.54483887315,-0.153479439059,0.00293215314335
181.4,-1.54895160563,-0.150620119994,0.00293215314335
181.5,-1.5530643381,-0.14776080093,0.00293215314335
181.6,-1.55717707058,-0.144901481866,0.00293215314335
181.7,-1.56128980305,-0.142042162801,0.00293215314335
181.8,-1.56540253553,-0.139182843737,0.00293215314335
181.9,-1.569515268,-0.136323524673,0.00293215314335
182.0,-1.57362800047,-0.133464205608,0.00293215314335
182.1,-1.57774073295,-0.130604886544,0.00293215314335
182.2,-1.58185346542,-0.12774556748,0.00293215314335
182.3,-1.5859661979,-0.124886248416,0.00293215314335
182.4,-1.59007893037,-0.122026929351,0.00293215314335
182.5,-1.59419166285,-0.119167610287,0.00293215314335
182.6,-1.59830439532,-0.116308291223,0.00293215314335
182.7,-1.60241712779,-0.113448972158,0.00293215314335
182.8,-1.60652986027,-0.110589653094,0.00293215314335
182.9,-1.61064259274,-0.10773033403,0.00293215314335
183.0,-1.61475532522,-0.104871014965,0.00293215314335
183.1,-1.61886805769,-0.102011695901,0.00293215314335
183.2,-1.62298079017,-0.0991523768368,0.00293215314335
183.3,-1.62709352264,-0.0962930577725,0.00293215314335
183.4,-1.63120625512,-0.0934337387082,0.00293215314335
183.5,-1.63531898759,-0.0905744196439,0.00293215314335
183.6,-1.63943172006,-0.0877151005796,0.00293215314335
183.7,-1.64354445254,-0.0848557815153,0.00293215314335
183.8,-1.64765718501,-0.081996462451,0.00293215314335
183.9,-1.65176991749,-0.0791371433867,0.00293215314335
184.0,-1.65588264996,-0.0762778243224,0.00293215314335
184.1,-1.65999538244,-0.0734185052581,0.00293215314335
184.2,-1.66410811491,-0.0705591861938,0.00293215314335
184.3,-1.66822084738,-0.0676998671295,0.00293215314335
184.4,-1.67233357986,-0.0648405480652,0.00293215314335
184.5,-1.67644631233,-0.0619812290009,0.00293215314335
184.6,-1.68055904481,-0.0591219099366,0.00293215314335
184.7,-1.68467177728,-0.0562625908723,0.00293215314335
184.8,-1.68878450976,-0.053403271808,0.00293215314335
184.9,-1.69289724223,-0.0505439527437,0.00293215314335
185.0,-1.6970099747,-0.0476846336794,0.00293215314335
185.1,-1.70112270718,-0.044825314615,0.00293215314335
185.2,-1.70523543965,-0.0419659955507,0.00293215314335
185.3,-1.70934817213,-0.0391066764864,0.00293215314335
185.4,-1.7134609046,-0.0362473574221,0.00293215314335
185.5,-1.71757363708,-0.0333880383578,0.00293215314335
185.6,-1.72168636955,-0.0305287192935,0.00293215314335
185.7,-1.72579910202,-0.0276694002292,0.00293215314335
185.8,-1.7299118345,-0.0248100811649,0.00293215314335
185.9,-1.73402456697,-0.0219507621006,0.00293215314335
186.0,-1.73813729945,-0.0190914430363,0.00293215314335
186.1,-1.74225003192,-0.016232123972,0.00293215314335
186.2,-1.7463627644,-0.0133728049077,0.00293215314335
186.3,-1.75047549687,-0.0105134858434,0.00293215314335
186.4,-1.75458822935,-0.00765416677913,0.00293215314335
186.5,-1.75870096182,-0.00479484771483,0.00293215314335
186.6,-1.76281369429,-0.00193552865053,0.00293215314335
186.7,-1.76692642677,0.000923790413768,0.00293215314335
186.7,-1.77103915924,0.00378310947807,0.00293215314335
186.9,-1.77515189172,0.00664242854237,0.00293215314335
187.0,-1.77926462419,0.00950174760667,0.00293215314335
187.1,-1.78337735667,0.012361066671,0.00293215314335
187.2,-1.78749008914,0.0152203857353,0.00293215314335
187.3,-1.79160282161,0.0180797047996,0.00293215314335
187.4,-1.79571555409,0.0209390238639,0.00293215314335
187.5,-1.79982828656,0.0237983429282,0.00293215314335
187.6,-1.80394101904,0.0266576619925,0.00293215314335
187.7,-1.80805375151,0.0295169810568,0.00293215314335
187.8,-1.81216648399,0.0323763001211,0.00293215314335
187.9,-1.81627921646,0.0352356191854,0.00293215314335
188.0,-1.82039194893,0.0380949382497,0.00293215314335
188.1,-1.82450468141,0.040954257314,0.00293215314335
188.2,-1.82861741388,0.0438135763783,0.00293215314335
188.3,-1.83273014636,0.0466728954426,0.00293215314335
188.4,-1.83684287883,0.0495322145069,0.00293215314335
188.5,-1.84095561131,0.0523915335712,0.00293215314335
188.6,-1.84506834378,0.0552508526355,0.00293215314335
188.7,-1.84918107625,0.0581101716998,0.00293215314335
188.7,-1.85329380873,0.0609694907641,0.00293215314335
188.9,-1.8574065412,0.0638288098284,0.00293215314335
189.0,-1.86151927368,0.0666881288927,0.00293215314335
189.0,-1.86563200615,0.069547447957,0.00293215314335
189.2,-1.86974473863,0.0724067670213,0.00293215314335
189.3,-1.8738574711,0.0752660860856,0.00293215314335
189.4,-1.87797020358,0.0781254051499,0.00293215314335
189.5,-1.88208293605,0.0809847242142,0.00293215314335
189.6,-1.88619566852,0.0838440432785,0.00293215314335
189.7,-1.890308401,0.0867033623428,0.00293215314335
189.8,-1.89442113347,0.0895626814071,0.00293215314335
189.9,-1.89853386595,0.0924220004714,0.00293215314335
190.0,-1.90264659842,0.0952813195357,0.00293215314335
190.1,-1.9067593309,0.0981406386,0.00293215314335
190.2,-1.91087206337,0.100999957664,0.00293215314335
190.3,-1.91498479584,0.103859276729,0.00293215314335
190.3,-1.91909752832,0.106718595793,0.00293215314335
190.5,-1.92321026079,0.109577914857,0.00293215314335
190.6,-1.92732299327,0.112437233922,0.00293215314335
190.7,-1.93143572574,0.115296552986,0.00293215314335
190.8,-1.92962906143,0.126827420443,0.00296705972839
190.9,-1.92667776137,0.138123000392,0.00300196631343
191.0,-1.92261077791,0.149069932734,0.00303687289847
191.1,-1.91746826343,0.1595582899,0.00307177948351
191.2,-1.91130117392,0.169482680707,0.00310668606855
191.3,-1.90417076417,0.178743309334,0.00314159265359
191.4,-1.89614797931,0.1872469788,0.00317649923863
191.5,-1.88731274899,0.194908028834,0.00321140582367
191.6,-1.87775319108,0.201649198704,0.0032463124087
191.7,-1.86756473278,0.207402406323,0.00328121899375
191.8,-1.85684915806,0.212109435767,0.00331612557878
191.9,-1.84571359083,0.215722526265,0.00335103216382
192.0,-1.83426942401,0.218204856707,0.00338593874886
192.1,-1.82263120522,0.219530920747,0.0034208453339
192.2,-1.81091549028,0.219686788693,0.00345575191894
192.3,-1.79923967587,0.218670253487,0.00349065850398
192.4,-1.7877208232,0.216490859252,0.00352556508902
192.5,-1.78430692433,0.220161799907,0.00352556508902
192.6,-1.78089302547,0.223832740562,0.00352556508902
192.7,-1.7774791266,0.227503681218,0.00352556508902
192.8,-1.77406522774,0.231174621873,0.00352556508902
192.9,-1.77065132887,0.234845562528,0.00352556508902
193.0,-1.76723743,0.238516503184,0.00352556508902
193.1,-1.76382353114,0.242187443839,0.00352556508902
193.1,-1.76040963227,0.245858384495,0.00352556508902
193.3,-1.75699573341,0.24952932515,0.00352556508902
193.4,-1.75358183454,0.253200265805,0.00352556508902
193.5,-1.75016793568,0.256871206461,0.00352556508902
193.6,-1.74675403681,0.260542147116,0.00352556508902
193.7,-1.74334013794,0.264213087771,0.00352556508902
193.8,-1.73992623908,0.267884028427,0.00352556508902
193.9,-1.73651234021,0.271554969082,0.00352556508902
194.0,-1.73309844135,0.275225909738,0.00352556508902
194.1,-1.72968454248,0.278896850393,0.00352556508902
194.2,-1.72627064362,0.282567791048,0.00352556508902
194.3,-1.72285674475,0.286238731704,0.00352556508902
194.4,-1.71944284588,0.289909672359,0.00352556508902
194.5,-1.71602894702,0.293580613014,0.00352556508902
194.5,-1.71261504815,0.29725155367,0.00352556508902
194.6,-1.70920114929,0.300922494325,0.00352556508902
194.8,-1.70578725042,0.304593434981,0.00352556508902
194.9,-1.70237335155,0.308264375636,0.00352556508902
195.0,-1.69895945269,0.311935316291,0.00352556508902
195.1,-1.69554555382,0.315606256947,0.00352556508902
195.2,-1.69213165496,0.319277197602,0.00352556508902
195.2,-1.68871775609,0.322948138257,0.00352556508902
195.4,-1.68530385723,0.326619078913,0.00352556508902
195.5,-1.68188995836,0.330290019568,0.00352556508902
195.6,-1.67847605949,0.333960960224,0.00352556508902
195.7,-1.67506216063,0.337631900879,0.00352556508902
195.8,-1.67164826176,0.341302841534,0.00352556508902
195.9,-1.6682343629,0.34497378219,0.00352556508902
195.9,-1.66482046403,0.348644722845,0.00352556508902
196.1,-1.66140656516,0.352315663501,0.00352556508902
196.1,-1.6579926663,0.355986604156,0.00352556508902
196.3,-1.65457876743,0.359657544811,0.00352556508902
196.4,-1.65116486857,0.363328485467,0.00352556508902
196.5,-1.6477509697,0.366999426122,0.00352556508902
196.6,-1.64433707084,0.370670366777,0.00352556508902
196.7,-1.64092317197,0.374341307433,0.00352556508902
196.8,-1.6375092731,0.378012248088,0.00352556508902
196.8,-1.63409537424,0.381683188744,0.00352556508902
197.0,-1.63068147537,0.385354129399,0.00352556508902
197.1,-1.62726757651,0.389025070054,0.00352556508902
197.2,-1.62385367764,0.39269601071,0.00352556508902
197.2,-1.62043977877,0.396366951365,0.00352556508902
197.3,-1.61702587991,0.40003789202,0.00352556508902
197.5,-1.61361198104,0.403708832676,0.00352556508902
197.6,-1.61019808218,0.407379773331,0.00352556508902
197.6,-1.60678418331,0.411050713987,0.00352556508902
197.7,-1.60337028445,0.414721654642,0.00352556508902
197.8,-1.59995638558,0.418392595297,0.00352556508902
197.9,-1.59654248671,0.422063535953,0.00352556508902
198.0,-1.59312858785,0.425734476608,0.00352556508902
198.1,-1.58971468898,0.429405417263,0.00352556508902
198.2,-1.58630079012,0.433076357919,0.00352556508902
198.3,-1.58288689125,0.436747298574,0.00352556508902
198.4,-1.57947299238,0.44041823923,0.00352556508902
198.6,-1.57605909352,0.444089179885,0.00352556508902
198.6,-1.57264519465,0.44776012054,0.00352556508902
198.7,-1.56923129579,0.451431061196,0.00352556508902
198.9,-1.56581739692,0.455102001851,0.00352556508902
198.9,-1.56240349806,0.458772942506,0.00352556508902
199.0,-1.55898959919,0.462443883162,0.00352556508902
199.1,-1.55557570032,0.466114823817,0.00352556508902
199.2,-1.55216180146,0.469785764473,0.00352556508902
199.3,-1.54874790259,0.473456705128,0.00352556508902
199.4,-1.54533400373,0.477127645783,0.00352556508902
199.5,-1.54192010486,0.480798586439,0.00352556508902
199.6,-1.53850620599,0.484469527094,0.00352556508902
199.7,-1.53509230713,0.48814046775,0.00352556508902
199.9,-1.53167840826,0.491811408405,0.00352556508902
199.9,-1.5282645094,0.49548234906,0.00352556508902
200.0,-1.52485061053,0.499153289716,0.00352556508902
200.1,-1.52143671167,0.502824230371,0.00352556508902
200.2,-1.5180228128,0.506495171026,0.00352556508902
200.3,-1.51460891393,0.510166111682,0.00352556508902
200.4,-1.51119501507,0.513837052337,0.00352556508902
200.5,-1.5077811162,0.517507992993,0.00352556508902
200.6,-1.50436721734,0.521178933648,0.00352556508902
200.7,-1.50095331847,0.524849874303,0.00352556508902
200.8,-1.4975394196,0.528520814959,0.00352556508902
200.9,-1.49412552074,0.532191755614,0.00352556508902
201.0,-1.49071162187,0.535862696269,0.00352556508902
201.1,-1.48729772301,0.539533636925,0.00352556508902
201.2,-1.48388382414,0.54320457758,0.00352556508902
201.4,-1.48046992528,0.546875518236,0.00352556508902
201.5,-1.47705602641,0.550546458891,0.00352556508902
201.6,-1.47364212754,0.554217399546,0.00352556508902
201.7,-1.47022822868,0.557888340202,0.00352556508902
201.8,-1.46681432981,0.561559280857,0.00352556508902
201.9,-1.46340043095,0.565230221512,0.00352556508902
202.0,-1.45998653208,0.568901162168,0.00352556508902
202.1,-1.45657263322,0.572572102823,0.00352556508902
202.2,-1.45315873435,0.576243043479,0.00352556508902
202.3,-1.44974483548,0.579913984134,0.00352556508902
202.4,-1.44633093662,0.583584924789,0.00352556508902
202.5,-1.44291703775,0.587255865445,0.00352556508902
202.6,-1.43950313889,0.5909268061,0.00352556508902
202.7,-1.43608924002,0.594597746755,0.00352556508902
202.8,-1.43267534115,0.598268687411,0.00352556508902
202.9,-1.42926144229,0.601939628066,0.00352556508902
203.0,-1.42584754342,0.605610568722,0.00352556508902
203.1,-1.42243364456,0.609281509377,0.00352556508902
203.2,-1.41901974569,0.612952450032,0.00352556508902
203.3,-1.41560584683,0.616623390688,0.00352556508902
203.4,-1.41219194796,0.620294331343,0.0